45  45
-0.006500  0.043444  -0.104522  -0.042900  0.011482  -0.307648  0.014991  -0.064499  -0.110807  0.185079  0.074755  -0.375300  -0.016015  0.029576  -0.300404  -0.014459  -0.032006  -0.230334  0.560463  -0.104981  -0.539793  -0.048615  -0.057744  -0.219258  0.210020  0.021641  -0.163890  0.200091  -0.073268  -0.530999  0.123277  -0.062261  -0.226086  0.053984  0.011691  -0.236914  -0.124909  0.090147  0.034182  0.112301  -0.111692  -0.008618  -0.077166  0.026860  0.040022  
-0.061108  -0.028760  -0.085210  -0.055592  -0.024640  0.139022  0.096420  0.000602  0.282398  0.047644  -0.022113  -0.060341  -0.048057  0.058592  0.227381  -0.054806  -0.014107  0.247818  0.294777  0.031077  -0.144237  -0.439714  0.121567  0.172764  0.002374  0.123864  0.326900  0.078598  -0.009026  -0.140613  -0.102830  0.073302  0.362222  -0.046775  0.004286  0.218683  -0.280349  0.181668  -0.146002  0.053812  -0.055320  0.211624  -0.033887  -0.157723  -0.109351  
-0.106434  -0.093034  0.301400  0.147226  -0.001075  0.164104  -0.061780  0.059607  -0.163661  -0.077019  0.026868  0.415795  0.037783  -0.008124  -0.193745  -0.002126  -0.009603  -0.057539  0.252598  0.157771  -0.079570  -0.173244  -0.059732  -0.129086  0.127979  0.048246  0.048251  0.099235  0.132830  0.203559  -0.064588  0.065077  -0.204804  -0.022902  -0.083838  -0.042875  -0.132555  0.011441  -0.087611  0.004888  0.088174  0.102814  -0.042212  0.060105  -0.151045  
-0.026843  0.009412  -0.209961  -0.086951  -0.051755  -0.273349  0.116998  -0.047457  0.028512  0.009152  -0.040089  -0.006336  0.024407  0.001296  -0.115659  -0.005517  -0.022760  -0.005480  -0.060450  0.000987  0.174918  0.095131  0.002288  -0.043175  -0.042538  -0.016979  -0.053471  -0.019821  -0.009611  0.137862  0.002855  0.008014  -0.076833  0.016117  -0.016807  -0.025260  -0.243945  0.096127  -0.180744  -0.022753  -0.012811  0.217763  -0.106214  0.039299  -0.283477  
0.016318  0.036481  -0.050398  -0.025696  0.000266  -0.210026  0.003552  -0.044469  -0.149344  -0.046894  0.013388  0.016597  0.015023  -0.027604  0.011148  0.013118  -0.002231  -0.070362  0.027045  0.079149  -0.049424  -0.159084  -0.004626  0.116101  0.016215  0.014707  0.086448  -0.045093  0.032723  0.084460  -0.018177  0.008074  0.154221  0.014124  0.006888  -0.028761  0.062481  -0.107391  0.025675  -0.024881  -0.009264  -0.095080  -0.060703  0.166798  -0.018341  
-0.006860  -0.034303  -0.105411  -0.029254  0.008855  0.112575  0.027405  -0.005478  0.087892  -0.057082  -0.023918  0.028833  -0.005786  -0.027394  0.200667  0.017586  0.004243  0.014848  0.068087  -0.011725  -0.097790  0.084633  -0.060995  -0.060844  0.007172  -0.027577  -0.052954  0.017242  0.020753  0.031002  -0.004192  -0.009333  -0.029296  0.011278  -0.010517  -0.038475  -0.020005  -0.076946  -0.019894  -0.025658  -0.031197  -0.064065  -0.090387  0.159688  -0.072713  
-0.003294  -0.020608  -0.177370  -0.065401  -0.013044  0.006177  0.045163  -0.012493  0.091773  -0.059636  -0.032805  0.018691  0.024754  -0.013093  -0.052925  0.009613  -0.014142  -0.030031  0.039688  0.056856  0.024758  -0.069770  -0.032745  -0.073406  0.089978  0.033745  0.036841  -0.000519  0.028596  0.130136  -0.012812  0.007141  -0.056660  0.007997  -0.007120  -0.037621  0.049198  0.001016  0.024883  0.028159  -0.061081  -0.034638  0.075257  -0.103332  0.132502  
-0.022496  0.016010  0.024266  -0.003703  -0.017527  -0.159005  0.016454  -0.012925  -0.070975  -0.045187  -0.022062  0.120561  -0.004555  0.009140  0.178763  0.000923  0.017411  0.006726  0.083070  -0.091479  -0.054674  0.063297  0.004105  -0.033763  -0.049024  0.007342  -0.024658  0.024064  -0.014787  0.039312  -0.010338  0.006478  0.003478  -0.010360  0.013923  0.005496  0.035517  0.045848  0.014752  0.008187  0.029752  0.044768  0.071299  -0.119242  0.034405  
0.010377  -0.026998  -0.065865  -0.015212  0.033266  0.079512  0.023093  -0.014458  -0.011426  -0.023019  0.003968  -0.002449  0.032020  -0.001470  -0.002282  -0.012504  0.004029  -0.107119  0.017535  0.013890  -0.051431  -0.034758  0.032834  0.136363  -0.102930  -0.042262  -0.030639  -0.012393  0.000787  -0.002358  0.022027  -0.012310  -0.036028  -0.005990  -0.015284  -0.089399  0.024184  0.000672  0.006496  -0.048420  0.066765  0.043716  0.075823  -0.056182  -0.068396  
0.002723  -0.007558  0.019861  -0.003645  0.011270  0.039508  0.014368  0.001139  0.008863  -0.004695  0.017418  -0.007819  0.018497  0.011588  -0.043097  -0.013080  -0.000609  -0.037566  0.028269  0.011830  -0.002670  0.043103  -0.031206  -0.093252  0.040775  -0.022159  -0.095222  -0.043370  0.004554  0.026304  -0.026952  0.023329  0.224394  0.004009  0.012678  -0.065921  0.010069  0.027210  0.009045  -0.017200  0.017643  0.040725  0.043906  -0.010297  -0.026480  
-0.019675  -0.030595  0.004071  0.012631  0.012701  0.016266  0.011249  -0.020902  -0.048582  0.002175  0.037238  0.050714  0.009539  -0.011312  0.010159  0.002807  0.000888  -0.022457  -0.027038  0.024449  -0.003672  0.029262  0.010117  0.047331  -0.023862  -0.044517  -0.024746  0.006603  0.038113  -0.026142  0.012987  -0.015027  0.028679  0.012971  0.002738  -0.016988  -0.075666  -0.039393  -0.046925  0.061347  -0.182015  0.019964  0.024278  -0.016977  0.055423  
0.008456  0.036012  0.038554  0.003493  -0.005981  0.016562  -0.016563  -0.012684  -0.020969  0.015352  0.007112  -0.046472  -0.030628  0.008912  0.110176  -0.006154  -0.016679  -0.040332  -0.002183  0.009102  0.089852  -0.079360  0.052204  0.001395  0.079040  0.030070  -0.067082  -0.009248  -0.005017  0.017877  0.018748  -0.007952  -0.033214  0.020699  0.005989  -0.079469  -0.022785  0.034276  0.006891  0.009045  -0.012405  0.020538  -0.003061  0.011046  0.004303  
0.003666  -0.021468  0.000210  0.006544  0.008866  -0.042782  0.013053  0.038913  -0.006078  0.014812  -0.010519  -0.017114  0.035716  0.036704  0.041875  -0.030795  0.029676  0.054111  -0.038337  0.083247  0.002793  -0.043841  -0.067188  -0.034403  0.018006  -0.035429  -0.014442  0.019021  0.023897  -0.056880  0.010799  0.003868  -0.025353  -0.059203  -0.032112  0.000401  0.037328  -0.012941  -0.007834  -0.044830  -0.024237  0.035631  0.091185  0.026245  -0.031521  
0.000755  -0.052427  0.001407  0.011391  0.021938  -0.004478  -0.016848  -0.002713  -0.055618  -0.010386  -0.014461  -0.072088  -0.012689  -0.018305  0.042304  0.025744  -0.000066  -0.005350  -0.018145  0.095861  -0.028106  0.036184  -0.038908  -0.007155  0.024384  0.006218  0.012302  -0.034468  0.028796  0.008400  -0.004131  -0.017563  -0.000139  0.039108  0.000063  0.025714  -0.060224  -0.017463  -0.016466  0.018421  0.061467  -0.026877  -0.023622  -0.089893  -0.007375  
0.030543  0.008812  0.052308  0.006737  0.027506  0.004743  0.010683  0.014453  -0.006321  0.029212  -0.023277  -0.076275  0.003001  0.012009  0.000510  -0.006280  0.026114  0.011486  0.030128  -0.035623  -0.019505  -0.006826  -0.035668  -0.003575  -0.041725  -0.023055  0.028453  -0.028361  -0.033573  0.091169  -0.015320  0.024384  -0.016869  0.005463  -0.037936  -0.020401  -0.004871  -0.008045  -0.019882  0.001565  -0.045291  0.004698  0.010814  0.001283  0.006597  
0.005859  -0.016594  -0.030294  -0.001768  0.003695  0.043582  -0.009942  -0.022220  -0.078442  -0.010170  -0.016561  -0.024814  0.001226  -0.013037  0.000729  0.006982  -0.007227  -0.012627  0.000577  -0.044688  0.009558  0.017627  0.005580  -0.030546  0.017037  0.078503  0.046342  -0.006923  -0.001552  -0.009070  -0.001600  -0.005409  -0.002138  -0.002667  0.028962  0.029029  0.011584  -0.016180  -0.007066  -0.027669  -0.030012  0.032961  0.054828  0.019483  -0.033677  
-0.002148  -0.018115  0.008221  0.000891  0.004852  0.000267  0.017086  0.000685  0.007362  0.014419  -0.024503  0.034990  0.001738  0.000102  0.014449  0.001262  -0.001214  -0.050943  -0.067676  -0.053730  -0.012530  -0.020316  -0.050124  -0.011806  0.046648  -0.023046  0.066212  0.003630  -0.036957  -0.026525  0.016542  -0.006296  0.013811  -0.005691  -0.015433  -0.045817  -0.011366  0.000044  -0.018295  -0.001019  0.008984  -0.004092  -0.023013  -0.022986  -0.006338  
-0.006680  0.078121  -0.035603  0.017470  0.003825  0.015756  -0.016310  0.017045  -0.020810  -0.017269  0.050512  -0.008983  0.021877  -0.006228  0.003507  0.006068  0.037532  -0.000732  -0.002602  -0.033751  0.016675  -0.025238  -0.012203  -0.028890  -0.011467  -0.018404  -0.000808  0.008095  0.018596  -0.004368  -0.002273  0.007889  0.003112  -0.026137  -0.009306  0.005888  -0.037921  -0.033110  -0.014921  0.022004  0.025661  -0.025482  0.011319  -0.020248  -0.008044  
-0.002332  -0.039870  -0.023009  -0.029372  0.026156  0.025456  0.036120  -0.022198  -0.063873  0.021117  -0.018199  0.005769  -0.000566  0.027209  -0.001681  -0.013958  0.008374  0.015384  0.019851  -0.010489  0.047973  -0.019619  -0.013333  -0.012229  -0.026426  -0.018836  -0.018523  0.029070  -0.003587  -0.011416  -0.005485  0.009539  0.007845  -0.014601  -0.015342  0.008447  0.006709  0.022441  0.002629  0.006979  0.015777  -0.026219  -0.039239  0.000196  0.023533  
-0.007703  0.008346  -0.010235  0.016738  -0.011509  0.008886  -0.015952  0.013446  -0.004053  -0.022865  -0.003759  -0.014152  0.010188  -0.018975  0.013703  0.005761  0.000155  -0.052829  -0.003934  0.018433  0.003705  -0.005816  -0.038811  -0.008209  -0.025961  -0.017851  0.010696  -0.000756  -0.012068  0.000813  -0.006553  -0.013023  -0.000449  -0.008348  -0.000131  0.038567  0.009184  0.058200  0.037483  0.047584  -0.006202  0.041027  -0.012195  0.032712  0.010727  
0.008452  -0.036472  0.020321  -0.003596  0.001666  -0.022027  -0.017017  0.030711  0.031181  -0.003416  -0.016971  -0.007747  0.012479  -0.027837  0.003990  0.019525  0.005379  -0.039245  0.032428  -0.001445  0.052182  0.006418  -0.003966  0.000370  -0.026384  0.022614  0.006226  0.034566  -0.001220  -0.015491  -0.004602  -0.003556  0.013310  -0.015448  -0.002885  -0.006353  -0.022405  -0.017738  -0.009905  -0.005679  0.002351  -0.031844  0.022126  0.005479  0.000583  
0.013699  -0.003342  0.025165  -0.024059  0.011336  0.001995  0.032385  -0.025773  0.006303  -0.009569  0.028606  0.008809  0.008818  -0.023726  -0.001421  0.009699  0.018462  0.016957  0.011382  0.012916  0.005945  -0.012528  -0.003304  -0.021015  -0.012405  -0.009321  0.014053  -0.025656  -0.025284  0.000827  0.038418  -0.044618  -0.006019  -0.005160  0.040852  -0.002458  -0.010627  0.007327  0.001606  0.003469  0.007412  -0.007596  0.013138  0.008600  -0.001899  
0.000550  0.031944  0.018350  -0.017126  0.003415  0.004780  0.045641  -0.004779  0.006411  0.015606  0.012620  -0.001430  -0.006948  0.008033  0.011410  -0.003567  -0.004699  -0.052365  0.004694  0.025258  0.002995  0.015205  0.021089  -0.020232  -0.001033  -0.007857  0.017137  0.004314  0.010306  -0.006813  -0.003433  0.017822  -0.004886  0.002734  -0.009505  0.035249  0.015222  -0.009780  -0.017998  -0.024639  -0.004241  -0.000239  -0.006098  -0.005580  0.003359  
0.011464  -0.018766  -0.000086  0.008514  0.002522  -0.004520  -0.004915  0.003560  0.004629  -0.005701  -0.015460  0.002020  0.002109  -0.004663  -0.005207  0.004921  0.000943  -0.018663  0.003009  -0.029142  -0.007199  -0.030993  -0.000994  0.007819  0.025713  -0.027490  -0.045869  -0.019028  -0.008149  0.008761  0.001936  -0.011476  -0.004167  -0.007356  0.012524  0.059944  -0.005812  -0.008124  -0.010308  -0.023801  -0.009315  -0.008327  -0.000044  -0.009523  -0.004792  
0.007257  -0.036012  -0.008005  0.007897  0.025810  -0.010902  0.002538  0.033680  -0.000301  -0.007416  0.023932  -0.007212  0.008574  0.015263  0.005148  -0.015295  0.001207  -0.005142  -0.003326  -0.017061  -0.004742  0.007807  0.048259  -0.014292  0.011948  -0.018770  0.023727  -0.017634  0.028211  0.006298  0.001428  -0.003090  -0.003309  -0.006625  -0.002828  -0.001884  -0.001386  0.021954  0.005023  0.013155  0.004308  -0.009782  0.003535  0.013928  -0.002488  
0.003366  -0.001687  0.015701  -0.015234  -0.003182  0.000458  0.037794  0.005355  -0.007192  -0.023681  0.010527  -0.011287  0.012780  -0.051866  -0.002791  0.016554  -0.005138  0.018263  -0.006587  -0.018161  0.000673  -0.002438  -0.002030  0.014038  0.018189  -0.002182  -0.009124  0.008268  0.014520  -0.011442  -0.020665  0.004358  -0.002437  0.019096  -0.036353  0.000719  0.009595  0.010843  0.004595  0.005041  0.001195  0.003474  0.005748  0.000401  -0.005849  
0.005554  0.014829  -0.003019  0.001932  -0.017569  0.007973  0.005635  0.012066  -0.015797  -0.018575  -0.048907  0.001698  0.003093  0.000038  -0.005210  0.016550  0.014961  0.007296  0.006164  0.016866  -0.000094  0.007882  0.037285  -0.004866  0.011434  -0.030994  0.008318  -0.000591  -0.028398  -0.010313  -0.004637  0.006356  0.002011  -0.002318  0.002650  -0.007436  -0.007661  -0.003506  -0.001248  0.009976  0.000603  -0.004670  0.009400  0.005134  -0.001278  
0.016269  0.003038  -0.001600  -0.001776  -0.011487  0.001862  -0.007009  -0.025423  -0.001472  0.013462  0.000615  -0.002584  -0.005991  -0.004292  0.002219  -0.016787  -0.039425  0.003006  0.010204  -0.004870  0.003717  0.013887  -0.004830  0.009799  0.015065  -0.028329  0.011301  0.014738  0.005889  0.011780  0.008466  -0.009206  0.003914  -0.009230  -0.014666  0.008997  -0.020371  -0.007740  -0.000318  0.006231  0.024753  0.005024  0.030169  0.018536  0.016162  
-0.019104  -0.008716  0.000711  0.011063  -0.014132  -0.000808  -0.015429  -0.013651  0.003771  -0.002981  0.000663  -0.013077  0.001175  -0.003674  0.000542  0.012686  0.011069  0.004887  0.018098  -0.009470  0.019520  -0.002899  0.000148  -0.005811  -0.000721  -0.033972  0.017788  0.001183  0.024639  -0.005374  0.003212  -0.011132  0.000902  0.019379  0.008926  -0.008256  0.024065  -0.011761  -0.009710  -0.017639  0.000574  0.023687  -0.014572  -0.005914  0.005814  
0.006649  -0.011157  0.008668  -0.002425  -0.015741  -0.001188  0.001757  -0.010585  0.004355  -0.004914  -0.004927  -0.005947  0.000421  -0.003891  0.000765  -0.010489  -0.022887  -0.001011  -0.000722  -0.001674  0.000603  -0.010789  0.011403  -0.017407  -0.011967  0.001929  -0.004990  -0.009191  0.001423  -0.002702  0.004305  -0.000850  -0.000216  -0.024329  -0.008758  -0.000639  0.021570  -0.031498  0.002318  0.038364  -0.004076  0.005320  -0.012724  -0.016395  -0.023501  
0.025470  -0.002241  -0.000454  0.000924  -0.009575  -0.001628  -0.013424  -0.017305  0.001524  -0.010203  -0.007669  0.005134  -0.001078  -0.006432  -0.000484  -0.001948  0.004271  -0.001710  -0.013322  0.001108  -0.011888  -0.013319  0.013246  -0.024600  -0.023621  0.009075  -0.003317  -0.013800  0.009887  -0.010586  -0.010448  -0.009473  0.000528  -0.001361  -0.025940  -0.005965  -0.014830  0.007003  -0.007045  -0.022480  0.002422  0.006173  -0.006808  0.005161  0.023646  
-0.013520  -0.010719  0.012321  -0.016694  -0.006020  -0.002008  -0.000573  -0.013489  0.002264  -0.015680  0.002195  -0.014166  -0.011976  -0.000279  -0.001119  0.004501  -0.004590  -0.003018  -0.019497  -0.005226  -0.011724  -0.010198  -0.000114  -0.006805  -0.008971  -0.011310  -0.001907  0.012786  0.009152  0.003071  -0.016212  0.034127  -0.007422  -0.010613  0.034307  -0.005656  -0.011452  0.002354  0.000971  -0.001043  0.004304  -0.003025  0.008601  0.006732  0.004649  
-0.001822  0.008019  -0.001863  0.004266  -0.006819  0.003751  -0.002596  0.021230  -0.012845  -0.009536  0.007142  -0.007387  0.005148  -0.018142  0.000846  -0.014045  -0.031522  0.007072  0.002693  0.006270  -0.001753  0.003820  -0.000371  -0.000107  -0.002950  -0.005944  0.003903  0.007248  -0.009471  0.005448  -0.001942  -0.010519  0.001663  -0.024565  0.012445  -0.010109  0.004587  0.013706  -0.012639  -0.026247  -0.011768  -0.007999  -0.017324  -0.012652  0.003926  
-0.020188  0.006699  0.004113  0.000728  0.002635  0.000552  0.021240  0.019465  -0.000159  -0.008599  -0.018272  -0.005116  -0.011170  0.008450  -0.004155  -0.004302  -0.005659  -0.001164  -0.000742  -0.007584  -0.002792  -0.002817  -0.006282  0.005265  -0.004991  0.012470  -0.007390  -0.013034  0.014277  -0.002833  0.000157  -0.020509  0.000681  -0.004920  0.006407  -0.003558  -0.000053  -0.009182  -0.023520  0.010289  0.015449  0.009533  0.003677  0.012997  0.021199  
-0.004125  -0.002717  0.002080  -0.012317  0.017938  -0.001065  -0.011365  -0.009342  0.002003  -0.012669  0.008234  -0.004354  -0.000679  0.000426  -0.000732  0.018481  0.011487  -0.000011  0.004238  0.002645  -0.000372  0.012188  0.003687  0.012102  0.016200  0.005180  -0.000800  -0.003596  -0.008391  0.001689  0.010650  0.010127  0.000888  -0.036627  -0.013940  0.000195  0.003541  -0.003087  -0.007558  -0.001892  0.003431  0.018756  -0.011633  0.001690  0.013371  
-0.005524  0.000978  -0.004292  -0.004461  0.033075  -0.004687  -0.011328  0.006677  0.001560  -0.017133  0.006363  0.005269  -0.017115  -0.004091  -0.001100  -0.009251  -0.017807  0.003263  0.002499  0.003156  0.007504  -0.006839  -0.000030  -0.009727  -0.005752  -0.008067  0.000870  -0.002802  -0.024330  -0.010055  -0.006482  0.006444  -0.002159  0.021726  -0.005145  0.002245  0.000923  -0.013773  -0.001822  -0.000771  0.001183  0.010213  0.003961  0.001468  0.001800  
0.035154  0.011564  -0.000051  -0.008627  0.023146  -0.000070  -0.006130  0.004387  0.001389  0.006793  -0.012103  0.005686  -0.005021  -0.008833  -0.001394  -0.000785  0.006542  0.000895  -0.003010  0.001039  -0.002786  0.000524  -0.001554  0.001963  0.004283  -0.002853  -0.000318  0.018254  0.018094  0.001625  -0.011009  -0.008198  0.000432  -0.001566  0.020246  -0.002907  0.008685  -0.000531  -0.006167  0.009624  0.000465  0.012614  -0.007565  -0.003615  -0.002873  
-0.006849  0.014677  0.009769  -0.012180  0.012238  -0.000324  -0.003610  -0.005420  0.002557  -0.017464  -0.016143  -0.000928  -0.009015  0.013944  -0.004607  0.002974  -0.008761  0.000561  0.003657  -0.004587  0.004730  0.002417  -0.006300  0.001641  -0.001050  -0.003943  0.005538  -0.004923  0.020530  -0.003837  0.007141  -0.010964  0.001185  -0.005706  -0.008158  -0.000224  -0.009420  0.006870  0.023549  -0.008389  -0.013073  -0.010252  0.000001  -0.007066  -0.013855  
0.016931  0.003137  0.003262  -0.002900  -0.002352  0.001226  -0.000820  0.004545  -0.000270  -0.012286  -0.004514  0.002021  0.027154  0.009063  0.002124  -0.001958  -0.012648  0.001980  0.005777  -0.002679  0.004616  0.001047  -0.009104  0.004296  -0.000924  0.003264  0.000754  -0.011453  0.006634  -0.009104  0.020048  0.024611  -0.002058  0.011611  0.008307  0.000843  -0.002084  0.000855  -0.005970  0.001243  0.002217  0.003036  -0.006091  0.000806  0.006964  
-0.011200  0.002682  0.005130  0.012870  0.015529  -0.002237  0.003369  -0.016089  0.005460  -0.007896  -0.007724  -0.007837  0.028264  0.003942  0.000794  -0.008083  -0.001248  -0.000247  -0.007796  0.000666  -0.004123  -0.000321  0.009192  -0.002755  0.001200  0.005048  -0.002477  0.019257  -0.004683  0.006358  -0.001350  -0.009260  0.002345  0.003694  0.000834  0.002453  -0.001131  -0.002896  0.000796  -0.000291  0.001476  0.000304  -0.002965  0.000701  0.002068  
0.006196  -0.004879  0.000394  -0.004443  -0.007727  0.000877  0.009659  0.015953  -0.003572  -0.001960  0.005607  -0.002339  -0.000448  0.006613  -0.000367  0.002074  0.001467  0.000532  -0.003006  -0.001890  -0.001834  -0.001616  0.001983  -0.001530  -0.000632  0.001530  -0.000455  0.011698  -0.002919  0.005847  0.005462  -0.004369  0.002073  0.001967  0.001717  0.000684  -0.011945  -0.018294  0.024431  -0.008729  0.001508  0.017290  -0.008216  -0.002194  0.006942  
-0.006958  0.002230  -0.005184  0.012649  0.011841  -0.001094  0.004258  0.002415  0.000006  0.015434  -0.009784  0.001900  -0.004381  -0.017290  0.000519  0.014210  -0.008217  0.003426  -0.003260  0.000300  -0.003779  -0.005680  0.005539  -0.007640  -0.007028  -0.000345  -0.002191  0.000444  0.007309  0.003716  0.020855  0.011359  0.003256  -0.002686  -0.000551  -0.000215  -0.000973  0.001576  0.006017  -0.002416  0.000824  0.001891  0.001042  0.001057  0.001560  
0.003648  0.000184  -0.002302  0.019669  0.005486  -0.002435  0.012231  -0.007721  0.003330  0.001334  -0.001209  0.002079  0.000062  -0.004453  0.000578  -0.005199  0.000370  0.000186  0.006762  0.000037  0.007339  0.003956  -0.004074  0.004260  0.003134  0.000197  0.002633  -0.013581  0.000563  -0.007590  -0.016563  0.005803  -0.005059  -0.009643  0.007132  -0.004480  -0.005954  -0.005144  0.012147  -0.003292  0.000216  0.002521  -0.002929  -0.000764  0.002946  
-0.011385  0.001692  0.001666  -0.015865  0.000216  0.000715  -0.008139  0.002941  -0.000801  0.009585  -0.007183  0.001805  0.008119  -0.014607  0.001059  -0.019929  0.008581  -0.001140  0.000887  -0.000377  -0.000696  0.001549  0.002454  0.000365  0.002287  -0.000471  0.000351  -0.008130  0.002510  -0.000611  0.000170  0.002640  -0.001325  -0.000269  0.000834  0.001118  -0.003991  -0.003608  0.006060  -0.000903  0.000939  0.002582  -0.002088  -0.000181  0.002370  
0.004029  -0.001705  -0.000054  0.009395  -0.002783  -0.000414  0.004086  -0.002652  0.000828  -0.012737  -0.001514  -0.002970  -0.013779  -0.005636  -0.002530  -0.017714  0.011954  -0.001128  0.000197  0.000295  0.001066  0.001904  -0.001217  0.001963  0.001508  0.001948  0.000035  0.007157  0.001263  0.001323  0.014228  0.005579  0.002583  0.001046  -0.001556  0.001108  0.001141  0.001793  -0.001996  -0.000441  -0.000921  -0.001642  -0.000888  -0.000899  -0.000789  
