16  778
1896
1  0  0.001264
13  0  0.014596
14  0  0.002753
1  1  0.000140
13  1  0.025294
14  1  0.003497
1  2  0.000351
13  2  0.019181
14  2  0.007887
1  3  0.002809
13  3  0.010393
14  3  0.005655
0  4  0.001910
13  4  0.031560
14  4  0.009152
0  5  0.002792
13  5  0.025753
14  5  0.016742
0  6  0.000294
13  6  0.014978
14  6  0.027085
15  6  0.001916
0  7  0.000147
13  7  0.023307
14  7  0.022100
15  7  0.001400
1  8  0.004072
13  8  0.005655
14  8  0.008334
15  8  0.000884
1  9  0.000772
13  9  0.009170
14  9  0.009152
15  9  0.000295
1  10  0.004775
13  10  0.002063
14  10  0.011682
15  10  0.004422
1  11  0.014183
4  11  0.000250
13  11  0.000611
14  11  0.005506
15  11  0.001179
1  12  0.012358
13  12  0.001834
14  12  0.005432
15  12  0.000590
1  13  0.019309
4  13  0.000250
14  13  0.001116
1  14  0.007934
4  14  0.001000
13  14  0.001223
14  14  0.006176
15  14  0.001106
1  15  0.020011
4  15  0.002249
13  15  0.000076
14  15  0.001786
1  16  0.002106
4  16  0.002999
10  16  0.001464
13  16  0.001146
14  16  0.000744
1  17  0.000632
4  17  0.002249
7  17  0.000492
10  17  0.002576
13  17  0.000459
1  18  0.002247
4  18  0.007747
7  18  0.000632
10  18  0.005737
13  18  0.000153
1  19  0.009128
4  19  0.009496
10  19  0.001990
13  19  0.000382
14  19  0.000372
4  20  0.001374
7  20  0.005762
10  20  0.007786
1  21  0.000421
4  21  0.004373
7  21  0.002108
10  21  0.008664
4  22  0.001000
7  22  0.001476
10  22  0.002986
13  22  0.000076
4  23  0.000187
7  23  0.002460
10  23  0.002225
1  24  0.000913
13  24  0.014137
0  25  0.001616
1  25  0.000070
13  25  0.019257
0  26  0.000441
1  26  0.000140
13  26  0.024377
14  26  0.000967
1  27  0.001053
13  27  0.017347
14  27  0.000893
1  28  0.000421
13  28  0.000764
14  28  0.013245
15  28  0.011204
1  29  0.001545
13  29  0.002216
14  29  0.013766
15  29  0.003759
1  30  0.003932
13  30  0.000688
14  30  0.009971
15  30  0.004496
1  31  0.000913
13  31  0.000535
14  31  0.011385
15  31  0.011646
0  32  0.011756
13  32  0.000535
0  33  0.021234
13  33  0.000535
0  34  0.019838
13  34  0.002407
0  35  0.016312
13  35  0.002445
0  36  0.015871
13  36  0.029803
14  36  0.002381
0  37  0.023439
13  37  0.022123
14  37  0.000149
0  38  0.016716
13  38  0.010030
14  38  0.000074
0  39  0.020500
13  39  0.023346
14  39  0.002083
0  40  0.005437
13  40  0.029344
14  40  0.005506
0  41  0.010140
13  41  0.032172
14  41  0.009897
0  42  0.002645
13  42  0.020098
14  42  0.022844
0  43  0.000147
13  43  0.009934
14  43  0.032666
15  43  0.001916
0  44  0.020059
0  45  0.022337
1  46  0.000632
2  46  0.019905
3  46  0.008690
1  47  0.000351
2  47  0.019603
3  47  0.009189
1  48  0.003721
2  48  0.025560
3  48  0.003348
4  48  0.000500
1  49  0.002738
2  49  0.023524
3  49  0.003490
0  50  0.017634
0  51  0.017046
0  52  0.019838
0  53  0.020794
0  54  0.008229
0  55  0.008229
1  56  0.000281
2  56  0.022167
3  56  0.010898
1  57  0.000070
2  57  0.020131
3  57  0.012323
1  58  0.001053
2  58  0.021941
3  58  0.004203
1  59  0.002879
2  59  0.028953
3  59  0.003277
4  59  0.000250
1  60  0.010041
13  60  0.004356
14  60  0.003646
1  61  0.005687
13  61  0.008559
14  61  0.001786
1  62  0.029982
2  62  0.000528
4  62  0.001437
13  62  0.000459
14  62  0.000298
1  63  0.017483
4  63  0.000875
10  63  0.000059
13  63  0.003286
14  63  0.000967
1  64  0.020292
4  64  0.000062
13  64  0.001299
14  64  0.001488
1  65  0.024294
2  65  0.000226
4  65  0.000062
13  65  0.000076
14  65  0.000446
1  66  0.002949
4  66  0.002499
10  66  0.001815
13  66  0.001987
1  67  0.001123
4  67  0.000437
10  67  0.000644
13  67  0.004814
1  68  0.005828
4  68  0.000687
10  68  0.000293
13  68  0.008253
14  68  0.000298
1  69  0.009760
4  69  0.002999
10  69  0.000820
13  69  0.001834
14  69  0.000074
7  70  0.000141
10  70  0.000702
13  70  0.000382
4  71  0.000500
7  71  0.000984
10  71  0.003395
13  71  0.000076
7  72  0.002319
10  72  0.002400
7  73  0.000492
10  73  0.000234
1  74  0.002177
4  74  0.015556
5  74  0.000526
10  74  0.009308
11  74  0.000516
1  75  0.001053
4  75  0.017867
5  75  0.002181
10  75  0.007552
11  75  0.000516
1  76  0.000351
4  76  0.017242
5  76  0.000752
7  76  0.000141
10  76  0.018909
11  76  0.004274
1  77  0.000211
4  77  0.008684
7  77  0.000632
10  77  0.013230
11  77  0.000810
0  78  0.011572
0  79  0.011940
7  80  0.008152
10  80  0.001346
7  81  0.006676
10  81  0.000293
7  82  0.016304
8  82  0.000601
10  82  0.001698
4  83  0.000062
7  83  0.012298
8  83  0.000150
10  83  0.004098
0  84  0.017046
0  85  0.019691
1  86  0.000772
2  86  0.023826
3  86  0.006482
1  87  0.002106
2  87  0.022544
3  87  0.001638
4  87  0.000500
0  88  0.005437
13  88  0.021320
14  88  0.015626
0  89  0.000735
13  89  0.013908
14  89  0.027234
15  89  0.000590
0  90  0.014548
13  90  0.019869
14  90  0.005134
0  91  0.018736
13  91  0.013564
14  91  0.000670
0  92  0.011646
13  92  0.003764
1  93  0.018537
4  93  0.003311
10  93  0.000176
13  93  0.000459
14  93  0.000074
1  94  0.001685
13  94  0.008330
14  94  0.000595
1  95  0.000140
13  95  0.007565
7  96  0.002178
7  97  0.000703
7  98  0.000070
7  99  0.001124
7  100  0.009065
10  100  0.000176
7  101  0.007309
7  102  0.015039
10  102  0.000117
7  103  0.017920
8  103  0.000451
10  103  0.000351
1  104  0.000070
13  104  0.002751
14  104  0.025225
15  104  0.009729
1  105  0.000140
13  105  0.007260
14  105  0.017858
15  105  0.002138
0  106  0.018516
0  107  0.022043
0  108  0.012417
0  109  0.009993
13  109  0.009705
0  110  0.016312
13  110  0.005655
0  111  0.018810
13  111  0.015436
0  112  0.007348
13  112  0.019181
0  113  0.001470
13  113  0.033394
14  113  0.003572
0  114  0.005731
13  114  0.034006
14  114  0.002604
13  115  0.025600
14  115  0.010566
0  116  0.022043
13  116  0.008406
0  117  0.012123
13  117  0.001777
0  118  0.013005
13  118  0.005273
0  119  0.016385
13  119  0.000325
0  120  0.008156
0  121  0.011315
0  122  0.009037
13  122  0.004967
13  123  0.007260
14  123  0.026788
15  123  0.006413
13  124  0.001681
14  124  0.021505
15  124  0.018796
13  125  0.002522
14  125  0.018826
15  125  0.013415
13  126  0.008177
14  126  0.020835
15  126  0.004938
1  127  0.023592
2  127  0.001206
4  127  0.000625
14  127  0.000223
1  128  0.027103
2  128  0.000754
14  128  0.000298
1  129  0.020713
13  129  0.000306
14  129  0.001711
0  130  0.007348
0  131  0.009111
1  132  0.023030
2  132  0.000603
4  132  0.004810
1  133  0.005196
2  133  0.017643
3  133  0.000356
4  133  0.000625
1  134  0.005196
2  134  0.023826
3  134  0.001567
1  135  0.013060
2  135  0.013798
4  135  0.000125
1  136  0.008496
2  136  0.012591
4  136  0.000500
1  137  0.014324
2  137  0.004448
4  137  0.015556
5  137  0.000827
10  137  0.000117
1  138  0.018186
2  138  0.003091
4  138  0.007247
1  139  0.011515
2  139  0.009425
4  139  0.005997
1  140  0.008215
2  140  0.012214
4  140  0.008684
4  141  0.005997
7  141  0.001827
10  141  0.020021
11  141  0.002800
4  142  0.002561
7  142  0.003795
8  142  0.000075
10  142  0.016626
11  142  0.000368
1  143  0.010743
2  143  0.000528
4  143  0.015743
5  143  0.000602
10  143  0.001639
1  144  0.016992
2  144  0.001282
4  144  0.009558
10  144  0.000527
14  144  0.000223
1  145  0.010041
4  145  0.003249
10  145  0.000293
13  145  0.000306
14  145  0.001339
1  146  0.000351
4  146  0.001562
10  146  0.002869
13  146  0.000688
1  147  0.001123
4  147  0.006122
10  147  0.006674
13  147  0.000076
4  148  0.002561
7  148  0.001335
10  148  0.008840
1  149  0.013832
4  149  0.007184
10  149  0.000293
1  150  0.016430
2  150  0.000829
4  150  0.012432
5  150  0.000301
10  150  0.000293
1  151  0.010181
4  151  0.013994
5  151  0.000602
10  151  0.001229
1  152  0.011024
4  152  0.007809
10  152  0.001112
13  152  0.000076
7  153  0.001546
7  154  0.002460
1  155  0.000351
2  155  0.019679
3  155  0.009830
1  156  0.001966
2  156  0.024429
3  156  0.004131
1  157  0.000070
4  157  0.000125
10  157  0.000878
13  157  0.002063
1  158  0.003932
4  158  0.002311
10  158  0.000410
13  158  0.001605
14  158  0.002604
13  159  0.003210
4  160  0.001999
7  160  0.013493
8  160  0.001428
10  160  0.026812
11  160  0.001326
4  161  0.000250
7  161  0.018833
8  161  0.007140
10  161  0.023592
11  161  0.000589
4  162  0.000562
7  162  0.012439
8  162  0.001879
10  162  0.030968
11  162  0.004421
4  163  0.002124
7  163  0.005200
10  163  0.024763
11  163  0.005010
1  164  0.003441
2  164  0.019980
3  164  0.000926
4  164  0.002936
1  165  0.005196
2  165  0.017945
3  165  0.000641
4  165  0.002561
1  166  0.001475
2  166  0.023222
3  166  0.003918
4  166  0.000750
1  167  0.001475
2  167  0.023901
3  167  0.005057
4  167  0.000750
1  168  0.026050
2  168  0.002790
4  168  0.002124
1  169  0.029280
2  169  0.002187
4  169  0.000312
1  170  0.023873
2  170  0.009877
4  170  0.000687
1  171  0.016009
2  171  0.005881
4  171  0.002249
1  172  0.027103
2  172  0.004071
1  173  0.016922
2  173  0.011837
1  174  0.005547
2  174  0.022167
3  174  0.001638
4  174  0.002874
1  175  0.005407
2  175  0.023826
3  175  0.001425
4  175  0.001874
1  176  0.013551
2  176  0.019377
4  176  0.009433
1  177  0.007583
2  177  0.013119
4  177  0.006247
0  178  0.001763
7  178  0.000773
10  178  0.000293
0  179  0.002351
7  179  0.000773
10  179  0.000059
7  180  0.003022
10  180  0.000937
4  181  0.000187
7  181  0.007590
10  181  0.004449
4  182  0.001000
7  182  0.013774
8  182  0.000526
10  182  0.013464
1  183  0.000070
4  183  0.004248
7  183  0.007238
10  183  0.016743
7  184  0.002600
10  184  0.000176
1  185  0.009128
2  185  0.001659
4  185  0.019179
5  185  0.004362
10  185  0.000059
1  186  0.017835
2  186  0.004448
4  186  0.016618
5  186  0.001053
10  186  0.000293
1  187  0.008075
2  187  0.000528
4  187  0.019054
5  187  0.003911
10  187  0.000820
13  188  0.000764
1  189  0.007162
2  189  0.020810
3  189  0.000926
0  190  0.019544
13  190  0.001987
0  191  0.019691
13  191  0.000459
0  192  0.017046
13  192  0.001605
0  193  0.016605
13  193  0.005884
14  193  0.000372
1  194  0.010602
2  194  0.015155
3  194  0.000285
4  194  0.001562
1  195  0.010602
2  195  0.018397
3  195  0.000641
4  195  0.000125
4  196  0.000500
7  196  0.012368
8  196  0.001879
10  196  0.017504
11  196  0.000074
4  197  0.001499
7  197  0.007449
8  197  0.000902
10  197  0.023416
11  197  0.001474
4  198  0.000375
7  198  0.007168
8  198  0.000827
10  198  0.023416
11  198  0.003021
4  199  0.000125
7  199  0.020239
8  199  0.006238
10  199  0.029212
11  199  0.000958
0  200  0.002351
7  200  0.000492
7  201  0.027407
8  201  0.003006
10  201  0.001873
4  202  0.000062
7  202  0.020028
8  202  0.001804
10  202  0.006440
0  203  0.008229
0  204  0.007641
0  205  0.017046
1  206  0.001334
4  206  0.013182
5  206  0.000150
7  206  0.001968
10  206  0.015162
11  206  0.000074
0  207  0.001763
4  207  0.000062
7  207  0.000492
10  207  0.000644
13  207  0.000153
0  208  0.005290
13  208  0.000076
0  209  0.017634
13  209  0.000306
0  210  0.019691
0  211  0.019691
1  212  0.007092
2  212  0.021262
3  212  0.000427
4  212  0.001874
1  213  0.001334
2  213  0.022318
3  213  0.003704
4  213  0.000250
0  214  0.011315
0  215  0.011315
0  216  0.007641
13  216  0.000841
0  217  0.008229
13  217  0.003897
14  217  0.000744
0  218  0.002351
4  218  0.000312
7  218  0.000141
10  218  0.000761
13  218  0.000841
0  219  0.001176
1  219  0.000281
4  219  0.000687
10  219  0.000468
13  219  0.001452
14  219  0.000446
1  220  0.004353
4  220  0.014868
5  220  0.000301
7  220  0.000281
10  220  0.006674
2  221  0.006333
3  221  0.019517
1  222  0.000281
2  222  0.016211
3  222  0.016739
1  223  0.000421
2  223  0.018472
3  223  0.014317
2  224  0.009877
3  224  0.024432
1  225  0.001685
2  225  0.027445
3  225  0.006838
4  225  0.000625
1  226  0.000421
2  226  0.020584
3  226  0.011112
0  227  0.002351
1  227  0.000983
4  227  0.000687
10  227  0.000117
13  227  0.005502
14  227  0.003200
1  228  0.009760
2  228  0.000528
4  228  0.021803
5  228  0.003083
10  228  0.000995
0  229  0.007788
13  229  0.008635
14  229  0.003125
1  230  0.001826
4  230  0.000250
13  230  0.004127
14  230  0.008855
15  230  0.000737
0  231  0.002204
1  231  0.000070
13  231  0.009705
14  231  0.009822
15  231  0.000221
0  232  0.016312
13  232  0.012456
14  232  0.002009
0  233  0.006760
13  233  0.016888
14  233  0.007813
0  234  0.011168
13  234  0.001414
0  235  0.019544
13  235  0.005655
14  235  0.000074
0  236  0.001616
13  236  0.012838
14  236  0.019123
15  236  0.000516
2  237  0.012516
3  237  0.016739
2  238  0.011913
3  238  0.018092
0  239  0.011315
13  239  0.000267
13  240  0.015436
14  240  0.014808
15  240  0.000884
0  241  0.000735
13  241  0.000688
0  242  0.002351
13  242  0.003210
0  243  0.003674
0  244  0.001176
2  245  0.011913
3  245  0.013676
1  246  0.000351
4  246  0.020803
5  246  0.003986
10  246  0.010654
11  246  0.001326
4  247  0.017305
5  247  0.001278
7  247  0.000070
10  247  0.014577
11  247  0.006116
13  248  0.004891
14  248  0.033187
15  248  0.007666
13  249  0.000535
14  249  0.018231
15  249  0.013120
13  250  0.001528
14  250  0.028871
15  250  0.009435
13  251  0.000917
14  251  0.025002
15  251  0.012088
13  252  0.002904
14  252  0.028648
15  252  0.004349
13  253  0.005502
14  253  0.032889
15  253  0.003022
0  254  0.006466
13  254  0.001987
0  255  0.003821
13  255  0.000229
0  256  0.002351
7  256  0.000141
0  257  0.002351
7  257  0.000492
1  258  0.020924
2  258  0.005202
4  258  0.000500
1  259  0.022399
2  259  0.002337
4  259  0.002749
14  259  0.000149
1  260  0.015588
2  260  0.007163
4  260  0.001749
1  261  0.012568
2  261  0.013044
4  261  0.002624
1  262  0.009619
2  262  0.001659
4  262  0.019741
5  262  0.003911
10  262  0.000117
1  263  0.013060
2  263  0.007389
4  263  0.016555
5  263  0.001128
0  264  0.014107
13  264  0.028886
14  264  0.000223
0  265  0.004409
13  265  0.029650
14  265  0.000595
1  266  0.001053
13  266  0.006954
14  266  0.015403
15  266  0.002948
1  267  0.000562
13  267  0.002445
14  267  0.016221
15  267  0.012530
1  268  0.004283
4  268  0.007747
10  268  0.003337
13  268  0.000153
1  269  0.001755
4  269  0.021678
5  269  0.003234
7  269  0.000351
10  269  0.010420
11  269  0.000074
1  270  0.005266
4  270  0.019054
5  270  0.002858
10  270  0.003571
1  271  0.004845
4  271  0.011932
5  271  0.000301
10  271  0.002986
2  272  0.014175
3  272  0.022366
2  273  0.012818
3  273  0.019232
1  274  0.018045
2  274  0.005956
4  274  0.006622
4  275  0.000750
7  275  0.005271
8  275  0.000150
10  275  0.009835
1  276  0.000281
4  276  0.016743
5  276  0.000902
7  276  0.001054
10  276  0.021426
11  276  0.003463
1  277  0.000211
4  277  0.022053
5  277  0.005565
7  277  0.000070
10  277  0.011650
11  277  0.000884
7  278  0.025088
8  278  0.002180
10  278  0.000351
0  279  0.011315
1  280  0.000140
2  280  0.019302
3  280  0.011041
2  281  0.011385
3  281  0.020087
2  282  0.011460
3  282  0.018591
2  283  0.017643
3  283  0.016525
0  284  0.008964
0  285  0.002939
13  285  0.010087
13  286  0.007795
14  286  0.028053
15  286  0.002727
13  287  0.002598
14  287  0.025820
15  287  0.005897
1  288  0.005407
4  288  0.022428
5  288  0.002783
10  288  0.004742
4  289  0.000312
7  289  0.019466
8  289  0.003608
10  289  0.014694
1  290  0.000070
4  290  0.007309
7  290  0.004498
10  290  0.022070
11  290  0.001400
4  291  0.005685
7  291  0.001546
10  291  0.017914
11  291  0.005231
4  292  0.005747
7  292  0.000211
10  292  0.011006
11  292  0.005894
4  293  0.008934
7  293  0.000070
10  293  0.010479
11  293  0.008989
2  294  0.003921
3  294  0.024005
2  295  0.006937
3  295  0.024076
2  296  0.003770
3  296  0.024432
2  297  0.005127
3  297  0.025358
2  298  0.006635
3  298  0.026284
2  299  0.002790
3  299  0.023933
2  300  0.002187
3  300  0.022722
2  301  0.003845
3  301  0.025144
2  302  0.000528
3  302  0.017380
2  303  0.000603
3  303  0.020942
3  304  0.007835
2  305  0.000302
3  305  0.017380
3  306  0.011397
3  307  0.003633
3  308  0.001282
3  309  0.002778
3  310  0.011967
3  311  0.005342
3  312  0.003846
3  313  0.001496
3  314  0.000784
3  315  0.008191
2  316  0.001659
3  316  0.022651
3  317  0.000356
2  321  0.000905
3  321  0.021013
3  322  0.012252
3  323  0.007764
3  324  0.002564
3  325  0.019944
3  326  0.008690
3  327  0.002422
3  328  0.016525
3  329  0.006981
2  330  0.002111
3  330  0.028065
2  331  0.001508
3  331  0.021084
3  332  0.001923
3  333  0.000214
3  334  0.010969
3  335  0.002493
3  336  0.008690
3  337  0.003989
3  338  0.000285
2  340  0.005127
3  340  0.019588
2  341  0.004599
3  341  0.024218
2  342  0.001131
3  342  0.021868
3  343  0.014104
2  344  0.000754
3  344  0.018662
2  345  0.000226
3  345  0.014673
3  346  0.006126
3  347  0.009759
3  348  0.001710
3  349  0.003134
3  350  0.004772
3  351  0.000641
3  352  0.000855
3  353  0.000427
3  354  0.001068
3  355  0.000997
4  356  0.001499
5  356  0.020305
6  356  0.011297
4  357  0.001499
5  357  0.019704
6  357  0.011888
1  358  0.000281
4  358  0.006685
5  358  0.025494
6  358  0.004430
10  358  0.000351
1  359  0.000351
4  359  0.004685
5  359  0.023765
6  359  0.004430
4  360  0.000750
5  360  0.025870
6  360  0.009230
4  361  0.000750
5  361  0.022486
6  361  0.011371
1  362  0.000211
4  362  0.002499
5  362  0.022411
6  362  0.003840
1  363  0.000281
4  363  0.003873
5  363  0.022787
6  363  0.002806
10  363  0.000059
4  364  0.001437
5  364  0.026322
6  364  0.005759
1  365  0.000070
4  365  0.004498
5  365  0.020080
6  365  0.001477
10  365  0.000351
1  366  0.000913
4  366  0.009933
5  366  0.016094
6  366  0.000369
10  366  0.000702
1  367  0.001334
4  367  0.010246
5  367  0.022261
6  367  0.001403
10  367  0.000176
1  368  0.005126
4  368  0.015993
5  368  0.011882
10  368  0.000176
1  369  0.003441
4  369  0.015993
5  369  0.009401
10  369  0.000995
1  370  0.001334
4  370  0.021116
5  370  0.009626
10  370  0.005152
1  371  0.000211
4  371  0.016930
5  371  0.011431
10  371  0.005386
4  372  0.001000
5  372  0.021584
6  372  0.011371
1  373  0.000421
4  373  0.003748
5  373  0.024742
6  373  0.004504
4  374  0.008996
5  374  0.019478
6  374  0.001255
10  374  0.001698
1  375  0.000351
4  375  0.012432
5  375  0.017899
6  375  0.001108
10  375  0.001756
4  376  0.004498
5  376  0.023389
6  376  0.005316
10  376  0.000410
4  377  0.003186
5  377  0.023690
6  377  0.005686
10  377  0.000351
1  378  0.004494
4  378  0.017555
5  378  0.009401
10  378  0.000468
1  379  0.003441
4  379  0.017492
5  379  0.005866
10  379  0.001522
1  380  0.004634
4  380  0.016493
5  380  0.011356
4  381  0.008309
5  381  0.022486
6  381  0.001772
10  381  0.001464
4  382  0.006435
5  382  0.015342
6  382  0.000369
10  382  0.000995
1  383  0.000421
4  383  0.016055
5  383  0.011356
10  383  0.005327
4  384  0.012557
5  384  0.011582
10  384  0.003747
1  385  0.001615
4  385  0.010183
5  385  0.019704
6  385  0.001181
1  386  0.001404
4  386  0.015181
5  386  0.015041
6  386  0.000517
10  386  0.001171
1  387  0.001685
4  387  0.011557
5  387  0.018124
6  387  0.001108
10  387  0.000117
1  388  0.000281
4  388  0.009059
5  388  0.010077
6  388  0.000074
10  388  0.001229
4  389  0.002811
5  389  0.022938
6  389  0.003101
10  389  0.000293
5  390  0.013838
6  390  0.019346
4  391  0.000187
5  391  0.017372
6  391  0.010928
4  392  0.000562
5  392  0.019704
6  392  0.012996
5  393  0.011882
6  393  0.020823
4  394  0.001812
5  394  0.024667
6  394  0.005759
10  394  0.000176
4  395  0.000500
5  395  0.024667
6  395  0.009451
5  396  0.012334
6  396  0.017352
5  397  0.011506
6  397  0.020010
5  398  0.013236
6  398  0.018238
1  399  0.001475
4  399  0.016118
5  399  0.007069
10  399  0.003395
5  400  0.019403
6  400  0.017943
5  401  0.016094
6  401  0.019124
4  402  0.000875
5  402  0.020531
6  402  0.016171
5  403  0.008197
6  403  0.022816
5  404  0.017598
6  404  0.017278
5  405  0.021509
6  405  0.014546
5  406  0.008197
6  406  0.023998
5  407  0.013988
6  407  0.022964
5  408  0.008949
6  408  0.026951
5  409  0.006468
6  409  0.023776
5  410  0.005264
6  410  0.019493
5  411  0.005565
6  411  0.023850
5  412  0.003835
6  412  0.026582
5  413  0.002106
6  413  0.020601
5  414  0.001278
6  414  0.019493
5  415  0.002557
6  415  0.021635
6  416  0.004873
5  417  0.000075
6  417  0.007901
6  418  0.004209
6  419  0.001698
5  420  0.002031
6  420  0.018238
5  421  0.000602
6  421  0.012036
5  422  0.000602
6  422  0.012331
6  423  0.005538
6  424  0.004061
6  425  0.001698
6  426  0.000812
5  427  0.000075
6  427  0.008344
6  428  0.000517
6  429  0.001551
5  430  0.004738
6  430  0.023407
5  431  0.002331
6  431  0.019124
5  432  0.000150
6  432  0.016392
6  433  0.005907
6  434  0.001920
6  435  0.015432
6  436  0.006941
6  437  0.001329
6  438  0.013365
6  439  0.006941
5  440  0.001053
6  440  0.021266
5  441  0.002106
6  441  0.023555
6  442  0.002732
6  444  0.000074
5  446  0.000075
6  446  0.010854
6  447  0.003101
6  448  0.007753
6  449  0.001846
6  450  0.000443
6  451  0.000443
5  452  0.004512
6  452  0.023776
5  453  0.003610
6  453  0.022299
5  454  0.000602
6  454  0.021266
6  455  0.013291
5  456  0.000602
6  456  0.018386
5  457  0.000451
6  457  0.015580
6  458  0.010190
6  459  0.012036
6  460  0.003470
6  461  0.004578
6  462  0.005907
6  463  0.000591
6  464  0.000591
6  465  0.000295
6  466  0.001994
6  467  0.001329
10  468  0.000059
11  468  0.019968
12  468  0.011040
10  469  0.001112
11  469  0.024609
12  469  0.010230
4  470  0.000750
10  470  0.002751
11  470  0.021220
12  470  0.002355
4  471  0.000500
10  471  0.001288
11  471  0.025862
12  471  0.004122
11  472  0.020704
12  472  0.009200
11  473  0.017978
12  473  0.011334
10  474  0.000059
11  474  0.020115
12  474  0.004048
10  475  0.000293
11  475  0.025862
12  475  0.002797
10  476  0.000293
11  476  0.022915
12  476  0.005962
10  477  0.001815
11  477  0.024757
12  477  0.001472
4  478  0.000750
10  478  0.002049
11  478  0.021294
12  478  0.000368
4  479  0.000500
10  479  0.001112
11  479  0.026009
12  479  0.001619
4  480  0.002686
10  480  0.004332
11  480  0.019452
4  481  0.002624
10  481  0.006557
11  481  0.014294
11  482  0.014220
12  482  0.011187
4  483  0.000125
10  483  0.000468
11  483  0.027262
12  483  0.005667
4  484  0.000125
7  484  0.000914
10  484  0.012352
11  484  0.020262
12  484  0.001472
4  485  0.001499
7  485  0.000773
10  485  0.014869
11  485  0.015694
12  485  0.000368
4  486  0.000500
10  486  0.005913
11  486  0.027262
12  486  0.004563
10  487  0.004215
11  487  0.027336
12  487  0.007360
4  488  0.008996
10  488  0.011650
11  488  0.012157
4  489  0.006060
7  489  0.000422
10  489  0.015806
11  489  0.009652
4  490  0.006497
10  490  0.008313
11  490  0.015768
4  491  0.000125
7  491  0.000492
10  491  0.009835
11  491  0.024609
12  491  0.002134
4  492  0.000375
7  492  0.000070
10  492  0.006147
11  492  0.020115
12  492  0.000368
4  493  0.001312
7  493  0.001335
10  493  0.015513
11  493  0.013705
4  494  0.000437
7  494  0.002952
10  494  0.020080
11  494  0.013336
4  495  0.001749
10  495  0.002400
11  495  0.022989
12  495  0.001178
4  496  0.002624
10  496  0.008957
11  496  0.018273
12  496  0.000515
4  497  0.002749
10  497  0.004742
11  497  0.020852
12  497  0.000515
4  498  0.000625
10  498  0.003512
11  498  0.016578
12  498  0.000074
10  499  0.002517
11  499  0.025567
12  499  0.003238
11  500  0.007515
12  500  0.019946
10  501  0.000585
11  501  0.019157
12  501  0.017811
10  502  0.000410
11  502  0.015105
12  502  0.014205
11  503  0.009873
12  503  0.025245
10  504  0.001990
11  504  0.021294
12  504  0.005446
10  505  0.000410
11  505  0.020999
12  505  0.010525
11  506  0.013263
12  506  0.018326
11  507  0.013484
12  507  0.018842
11  508  0.010389
12  508  0.018474
4  509  0.002062
7  509  0.000211
10  509  0.010479
11  509  0.011715
4  510  0.000375
7  510  0.003373
10  510  0.022070
11  510  0.010168
11  511  0.011200
12  511  0.017811
11  512  0.009358
12  512  0.019357
10  513  0.001229
11  513  0.020336
12  513  0.012144
11  514  0.010684
12  514  0.020755
11  515  0.012157
12  515  0.018621
11  516  0.016357
12  516  0.015014
11  517  0.004052
12  517  0.024362
11  518  0.006705
12  518  0.023331
11  519  0.004274
12  519  0.027011
11  520  0.003610
12  520  0.024656
11  521  0.004495
12  521  0.024067
11  522  0.003021
12  522  0.024509
11  523  0.002137
12  523  0.023478
11  524  0.003758
12  524  0.025981
11  525  0.000589
12  525  0.018032
11  526  0.000810
12  526  0.020608
12  527  0.001251
12  528  0.005962
12  529  0.002502
12  530  0.000957
11  531  0.000295
12  531  0.018179
12  532  0.006256
12  533  0.011187
12  534  0.005226
12  535  0.004710
12  536  0.001693
12  537  0.000736
12  538  0.013248
12  540  0.000074
11  541  0.001621
12  541  0.023405
11  542  0.000663
12  542  0.020314
12  543  0.010746
12  544  0.003238
12  545  0.000368
12  546  0.015530
12  547  0.005594
12  548  0.001104
12  549  0.019357
12  550  0.009126
11  551  0.001916
12  551  0.025466
11  552  0.000958
12  552  0.022374
12  553  0.002944
12  557  0.011923
12  558  0.002944
12  559  0.009421
12  560  0.003680
12  561  0.000294
11  563  0.005010
12  563  0.019357
11  564  0.004716
12  564  0.024582
11  565  0.001032
12  565  0.022448
12  566  0.015382
11  567  0.000663
12  567  0.019504
11  568  0.000221
12  568  0.015162
12  569  0.005962
12  570  0.010230
12  571  0.003018
12  572  0.003459
12  573  0.005520
12  574  0.000810
12  575  0.000810
12  576  0.000074
12  577  0.001325
12  578  0.000810
4  579  0.001999
7  579  0.002741
10  579  0.021660
11  579  0.006116
7  580  0.003162
8  580  0.020143
9  580  0.012028
10  580  0.000293
7  581  0.002319
8  581  0.016986
9  581  0.009962
10  581  0.000117
7  582  0.009979
8  582  0.030139
9  582  0.005903
10  582  0.001288
7  583  0.009065
8  583  0.027057
9  583  0.004575
10  583  0.001815
7  584  0.001054
8  584  0.017738
9  584  0.009224
10  584  0.000059
7  585  0.001687
8  585  0.016911
9  585  0.011290
10  585  0.000117
7  586  0.004357
8  586  0.021270
9  586  0.003837
10  586  0.001112
7  587  0.003514
8  587  0.018489
9  587  0.002804
10  587  0.000820
7  588  0.001687
8  588  0.019241
9  588  0.005756
7  589  0.004568
8  589  0.016911
9  589  0.001476
10  589  0.000761
7  590  0.009065
8  590  0.016234
9  590  0.000369
10  590  0.003395
7  591  0.006887
8  591  0.017061
9  591  0.000812
10  591  0.002693
7  592  0.013914
8  592  0.015182
10  592  0.009835
7  593  0.016796
8  593  0.010673
10  593  0.009835
7  594  0.021504
8  594  0.004510
10  594  0.000117
7  595  0.028742
8  595  0.005712
10  595  0.001346
7  596  0.021785
8  596  0.015708
10  596  0.001581
7  597  0.020590
8  597  0.011424
10  597  0.000293
7  598  0.002600
8  598  0.018715
9  598  0.011806
10  598  0.000234
7  599  0.004427
8  599  0.019692
9  599  0.004501
10  599  0.000995
7  600  0.015039
8  600  0.020594
9  600  0.001254
10  600  0.000293
7  601  0.015390
8  601  0.023901
9  601  0.001254
10  601  0.001229
7  602  0.008082
8  602  0.027584
9  602  0.005165
10  602  0.000468
7  603  0.007309
8  603  0.026607
9  603  0.005165
10  603  0.000117
7  604  0.021996
8  604  0.007591
10  604  0.003981
7  605  0.023120
8  605  0.007666
10  605  0.013523
7  606  0.019466
8  606  0.012702
10  606  0.011591
7  607  0.025720
8  607  0.020669
10  607  0.006264
7  608  0.019466
8  608  0.016310
10  608  0.014694
7  609  0.012368
8  609  0.015032
9  609  0.000517
7  610  0.013071
8  610  0.017061
9  610  0.000812
10  610  0.000351
7  611  0.020098
8  611  0.009846
10  611  0.001229
7  612  0.019185
8  612  0.009846
10  612  0.000059
7  613  0.012720
8  613  0.024352
9  613  0.001697
10  613  0.005327
7  614  0.013493
8  614  0.024502
9  614  0.001033
10  614  0.001932
7  615  0.017990
8  615  0.027208
9  615  0.001107
10  615  0.006615
7  616  0.015320
8  616  0.016460
9  616  0.000369
10  616  0.002693
7  617  0.005622
8  617  0.021120
9  617  0.002804
10  617  0.000293
7  618  0.000281
8  618  0.012251
9  618  0.021325
7  619  0.002249
8  619  0.020744
9  619  0.012323
7  620  0.002670
8  620  0.022473
9  620  0.016529
7  621  0.000211
8  621  0.008643
9  621  0.022432
7  622  0.007590
8  622  0.025780
9  622  0.004206
7  623  0.001827
8  623  0.020068
9  623  0.009519
7  624  0.000843
8  624  0.011725
9  624  0.021989
7  625  0.000703
8  625  0.010898
9  625  0.015053
7  626  0.000914
8  626  0.011800
9  626  0.019776
7  627  0.019817
8  627  0.006915
10  627  0.005269
7  628  0.000211
8  628  0.011499
9  628  0.017636
7  629  0.000492
8  629  0.011274
9  629  0.019407
7  630  0.003022
8  630  0.021496
9  630  0.010257
10  630  0.000117
7  631  0.000632
8  631  0.012251
9  631  0.019776
7  632  0.000070
8  632  0.013078
9  632  0.018300
7  633  0.000070
8  633  0.014656
9  633  0.014684
8  634  0.004961
9  634  0.027007
8  635  0.006915
9  635  0.023170
8  636  0.004735
9  636  0.026638
8  637  0.004359
9  637  0.023687
8  638  0.004209
9  638  0.024351
8  639  0.003758
9  639  0.024572
8  640  0.002180
9  640  0.021916
8  641  0.003908
9  641  0.025679
8  642  0.001052
9  642  0.018816
8  643  0.000601
9  643  0.016824
9  644  0.002656
9  645  0.009445
9  646  0.003173
9  647  0.002583
8  648  0.000526
9  648  0.016603
9  649  0.006420
9  650  0.010478
9  651  0.004870
9  652  0.003247
9  653  0.001476
9  654  0.001328
9  655  0.010847
9  656  0.000590
9  657  0.000517
8  658  0.002029
9  658  0.021694
8  659  0.001127
9  659  0.019407
9  660  0.007748
9  661  0.001845
9  662  0.000148
9  663  0.012102
9  664  0.003837
9  665  0.000738
9  666  0.015717
9  667  0.006051
8  668  0.000752
9  668  0.022211
8  669  0.001127
9  669  0.021104
9  670  0.002804
9  674  0.006420
9  675  0.001402
9  676  0.010109
9  677  0.003025
9  678  0.000074
9  679  0.000148
8  680  0.002931
9  680  0.022063
8  681  0.005787
9  681  0.022432
8  682  0.001428
9  682  0.025679
9  683  0.019776
8  684  0.000601
9  684  0.022358
8  685  0.000601
9  685  0.020883
9  686  0.012470
9  687  0.015865
9  688  0.004427
9  689  0.006198
9  690  0.009740
9  691  0.000885
9  692  0.000369
9  693  0.000148
9  694  0.002878
9  695  0.001623
7  696  0.021152
8  696  0.003758
10  696  0.000234
13  697  0.000459
14  697  0.014510
15  697  0.018059
14  698  0.008632
15  698  0.019017
13  699  0.000076
14  699  0.011162
15  699  0.021375
13  700  0.000306
14  700  0.010492
15  700  0.019680
14  701  0.008111
15  701  0.023513
14  702  0.013394
15  702  0.019754
14  703  0.010938
15  703  0.021965
13  704  0.000229
14  704  0.008185
15  704  0.019164
13  705  0.000841
14  705  0.021877
15  705  0.015331
13  706  0.000076
14  706  0.018826
15  706  0.017837
14  707  0.011906
15  707  0.028894
14  708  0.007218
15  708  0.021302
14  709  0.005060
15  709  0.027051
14  710  0.003200
15  710  0.024545
14  711  0.001935
15  711  0.020933
14  712  0.005953
15  712  0.023218
14  713  0.003646
15  713  0.023071
14  714  0.003646
15  714  0.024103
14  715  0.002679
15  715  0.018353
14  716  0.002158
15  716  0.017027
15  717  0.001695
15  718  0.006265
15  719  0.003317
15  720  0.001253
14  721  0.000670
15  721  0.016879
14  722  0.000223
15  722  0.010909
14  723  0.000223
15  723  0.008403
15  724  0.004717
14  725  0.000446
15  725  0.010983
15  726  0.003317
15  727  0.000811
15  730  0.000074
14  731  0.003274
15  731  0.022776
14  732  0.000819
15  732  0.018280
15  733  0.009803
15  734  0.003022
15  735  0.000369
15  736  0.011720
15  737  0.003907
15  738  0.000811
15  739  0.013489
15  740  0.005307
14  741  0.000595
15  741  0.021302
14  742  0.000521
15  742  0.019606
15  743  0.002211
14  746  0.000223
15  746  0.006339
15  747  0.001253
15  748  0.001695
14  749  0.000521
15  749  0.009877
15  750  0.003022
15  751  0.000074
14  753  0.003497
15  753  0.025208
14  754  0.004018
15  754  0.020933
14  755  0.001488
15  755  0.023292
15  756  0.017837
14  757  0.000893
15  757  0.021449
14  758  0.001414
15  758  0.019754
14  759  0.000372
15  759  0.011720
14  760  0.000074
15  760  0.013489
15  761  0.003907
15  762  0.005307
15  763  0.007960
15  764  0.000811
15  765  0.000369
15  767  0.002211
15  768  0.001106
7  769  0.017990
8  769  0.000902
10  769  0.000761
7  770  0.020942
8  770  0.002931
10  770  0.004683
7  771  0.011244
8  771  0.000150
10  771  0.001112
7  772  0.005411
10  772  0.000059
7  773  0.002811
7  774  0.003654
10  774  0.000761
7  775  0.008714
8  775  0.000225
10  775  0.003512
7  776  0.012157
8  776  0.001203
10  776  0.008020
7  777  0.000351
