778  3
0.045701  -0.012755  0.022737
0.056330  -0.016967  0.023488
0.049910  -0.019952  0.033660
0.040083  -0.015972  0.031227
0.072459  -0.022903  0.040184
0.080571  -0.017162  0.046792
0.066963  -0.017353  0.055584
0.061836  -0.022758  0.049108
0.034964  -0.014841  0.039004
0.044085  -0.020225  0.041107
0.034248  -0.007481  0.044069
0.026867  -0.000544  0.041769
0.027429  -0.008016  0.038161
0.019950  0.002757  0.039784
0.033449  0.009172  0.041449
0.021168  0.011485  0.035695
0.041213  0.021626  0.017705
0.044915  0.022428  0.005195
0.029017  0.021045  0.003459
0.026707  0.019636  0.016520
0.039734  0.017347  -0.013688
0.032820  0.019651  -0.004583
0.048837  0.022126  -0.002819
0.054161  0.019864  -0.011269
0.054468  -0.008317  0.008870
0.065056  -0.010423  0.007861
0.062032  -0.012368  0.012971
0.052143  -0.009499  0.013856
0.040467  0.000163  0.054791
0.045080  0.004540  0.050594
0.037988  0.000882  0.047380
0.037587  -0.004547  0.052702
0.091770  -0.016552  -0.000333
0.103636  -0.010650  0.002027
0.102868  -0.010180  0.007867
0.092040  -0.015409  0.004301
0.096359  -0.012871  0.031310
0.102443  -0.007510  0.026174
0.106865  0.002052  0.035587
0.099021  0.000491  0.039596
0.089101  -0.016015  0.039136
0.092351  -0.004735  0.045180
0.082758  -0.006482  0.050984
0.069106  -0.008737  0.058895
0.105185  -0.008832  -0.010643
0.096868  -0.013354  -0.014136
-0.030204  -0.001801  0.035132
-0.031119  -0.003439  0.029675
-0.025947  -0.003625  0.029651
-0.025876  -0.001794  0.034992
0.098566  0.005417  -0.023320
0.097120  0.015429  -0.022500
0.104310  0.014270  -0.022697
0.105857  0.005014  -0.021573
0.088855  0.005748  -0.025433
0.087082  0.016321  -0.021673
-0.031364  0.010812  0.036102
-0.031158  0.006343  0.038548
-0.026526  0.007724  0.038480
-0.026585  0.012111  0.035578
0.030987  -0.011776  0.031562
0.036081  -0.011540  0.023105
0.011417  -0.009217  0.028620
0.022252  -0.009430  0.025273
0.022125  -0.008697  0.032607
0.013511  -0.007020  0.034598
0.032195  -0.007348  0.003686
0.043946  -0.007084  0.004987
0.040874  -0.007331  0.010805
0.027802  -0.008249  0.011093
0.048224  -0.009901  -0.008218
0.036231  -0.009593  -0.008444
0.039869  -0.011410  -0.015908
0.047898  -0.012152  -0.014387
0.014500  -0.007646  -0.006074
0.005930  -0.004841  -0.006358
0.006855  -0.003626  -0.009492
0.015850  -0.007095  -0.009475
0.111366  0.014244  -0.022434
0.112617  0.005063  -0.019027
0.049473  0.009558  -0.030747
0.055475  0.001697  -0.035663
0.044631  -0.000541  -0.039333
0.041344  0.008161  -0.033161
0.093954  0.023132  -0.016209
0.101470  0.023035  -0.018512
-0.032056  0.013399  0.030590
-0.027319  0.014181  0.029929
0.081048  0.004716  0.048767
0.067573  0.000539  0.057351
0.091240  0.007888  0.042721
0.098366  0.011244  0.038316
0.105984  0.013512  0.037209
0.018730  -0.009662  0.019078
0.042504  -0.009300  0.016347
0.056281  -0.008364  0.004217
0.061092  -0.016438  -0.024953
0.071678  -0.016725  -0.023214
0.065956  -0.016764  -0.014336
0.057838  -0.015821  -0.017774
0.055920  -0.008017  -0.036672
0.052760  -0.013857  -0.032440
0.043236  -0.013981  -0.034227
0.045706  -0.009100  -0.038848
0.045219  0.002942  0.060068
0.052149  0.006981  0.053118
0.099313  -0.004735  -0.020438
0.105960  -0.003847  -0.016605
0.113586  -0.001138  -0.014391
0.078439  -0.014652  0.005013
0.092293  -0.014914  0.007654
0.091203  -0.015852  0.012446
0.077302  -0.014766  0.007870
0.068508  -0.021897  0.025206
0.082362  -0.021110  0.027835
0.060196  -0.024308  0.036488
0.103708  -0.009319  0.016035
0.112685  -0.008086  0.009827
0.112270  -0.006351  0.018622
0.113660  -0.007338  0.000052
0.114030  -0.005207  -0.008655
0.109336  0.025844  -0.020110
0.110816  -0.002987  0.026396
0.053544  -0.021383  0.054013
0.046520  -0.019812  0.058638
0.041143  -0.017332  0.053458
0.046983  -0.019718  0.048423
0.011378  0.006146  0.038492
0.011810  -0.001877  0.038413
0.021724  -0.004420  0.039113
0.082202  -0.017589  -0.006703
0.086987  -0.015154  -0.018088
0.007482  -0.008489  0.022880
-0.021815  0.012745  0.034920
-0.021582  0.008215  0.038262
-0.003579  0.007604  0.037785
-0.004749  0.013053  0.034123
-0.001882  -0.001754  0.018834
0.001087  -0.006104  0.023154
-0.002497  -0.004276  0.023069
-0.006164  -0.001356  0.018727
0.012712  -0.005357  -0.016637
0.020037  -0.008213  -0.016797
0.012009  0.015054  0.014166
0.014101  0.017491  0.026957
0.024571  0.017776  0.027204
0.035302  -0.008168  -0.003056
0.024662  -0.008559  -0.005118
0.025798  -0.008817  -0.009107
0.015145  -0.008844  0.015597
0.005996  -0.007169  0.017102
0.010285  -0.007039  0.012251
0.018382  -0.008102  0.010801
0.067660  0.004444  -0.032725
0.068487  -0.007009  -0.034215
-0.030483  0.001761  0.038253
-0.025996  0.002428  0.038217
0.046766  -0.007858  -0.001642
0.038278  0.018158  0.027303
0.058144  -0.009110  -0.000874
0.024121  0.008752  -0.025096
0.022896  0.002983  -0.028271
0.016399  0.003087  -0.027235
0.016247  0.008784  -0.026566
-0.021791  0.000934  0.019124
-0.021884  -0.003360  0.022871
-0.026618  -0.002425  0.023513
-0.026899  0.001877  0.019761
0.003069  -0.006678  0.028705
0.005103  -0.004915  0.034657
-0.001939  -0.003715  0.033916
-0.002555  -0.004762  0.028158
0.003914  0.000934  0.037991
-0.002306  0.001411  0.037672
-0.021739  0.007554  0.018924
-0.021723  0.013994  0.023126
-0.006594  0.013195  0.021116
-0.008632  0.005883  0.018324
0.068404  0.023088  -0.008812
0.072198  0.019194  -0.018510
0.058157  0.015877  -0.021184
0.044967  0.013306  -0.024217
0.032434  0.009508  -0.026000
0.028035  0.016068  -0.016817
0.062167  0.012621  -0.027358
0.002286  0.006700  0.013493
0.004561  0.012757  0.019228
0.006118  0.012445  0.013106
0.059725  -0.011878  -0.007582
-0.021038  0.002786  0.038405
0.094545  0.027212  0.025734
0.094533  0.031045  0.013504
0.086091  0.029035  0.015052
0.085994  0.024228  0.027987
-0.021087  -0.004990  0.029364
-0.020918  -0.002842  0.035386
0.020459  -0.008360  -0.023525
0.014415  -0.005254  -0.022351
0.013928  -0.003294  -0.025561
0.019267  -0.007025  -0.029105
0.075456  0.016606  -0.022699
0.038241  -0.001261  -0.041680
0.035758  0.006681  -0.036508
0.084543  0.022096  -0.015711
0.081341  0.026111  -0.007385
0.090848  0.028086  -0.006914
0.016575  0.016288  -0.006246
0.063685  0.024735  -0.001707
0.077865  0.027122  -0.000615
0.089085  0.029530  0.000280
0.097151  0.031717  0.000142
0.098296  0.029722  -0.007709
-0.022243  0.014711  0.028786
-0.027507  0.013659  0.023430
0.106634  0.033085  -0.009189
0.105119  0.034548  -0.000134
0.074699  0.027459  0.008037
0.071253  0.026409  0.017995
0.061095  0.024915  0.006573
0.056467  0.023843  0.016660
0.017686  0.020330  0.003228
-0.042965  0.008110  0.021794
-0.032567  0.007980  0.020282
-0.032203  0.002168  0.020187
-0.043182  0.004065  0.020645
-0.027076  0.007954  0.019493
-0.032116  0.012523  0.024087
0.053678  0.019204  0.028534
0.002374  -0.003464  0.012721
0.070365  0.019535  0.031272
0.046875  0.013427  0.041916
0.059803  0.012414  0.043671
0.087269  0.018611  0.036672
0.075938  0.013525  0.043925
0.103415  0.022615  0.033118
0.094983  0.021041  0.034042
0.066112  0.008470  0.051341
-0.041495  -0.002405  0.032796
-0.041537  -0.003307  0.027392
0.102506  0.029585  0.025058
0.052546  -0.022705  0.043895
0.069982  -0.013790  -0.004289
0.068240  -0.011667  0.000495
0.077859  -0.016333  -0.021451
0.073140  -0.017038  -0.010834
-0.041403  0.000993  0.036708
0.002141  0.000441  -0.007585
0.005152  0.001766  -0.008514
0.058971  -0.017877  0.060159
0.052123  -0.017612  0.063503
0.052179  -0.005012  0.067536
0.053517  -0.012003  0.067345
0.061147  -0.010405  0.063542
0.059916  -0.002717  0.062895
0.078957  -0.014916  0.002638
0.079544  -0.015725  -0.001039
0.078975  0.005011  -0.029174
0.079148  -0.006462  -0.030298
0.003701  0.007414  0.037372
0.011410  0.013141  0.034217
0.003267  0.013077  0.033306
-0.004234  0.015453  0.027690
-0.000815  0.001751  0.013079
-0.001379  0.004564  0.017730
0.086741  -0.018681  0.019214
0.073924  -0.017408  0.014483
0.041075  -0.016272  0.046430
0.037303  -0.011804  0.051022
0.022854  -0.007952  0.003911
0.006597  0.014941  -0.005201
0.007102  0.019117  0.002686
0.013104  -0.007087  0.003687
-0.042301  0.009220  0.035614
-0.041907  0.004630  0.037502
0.003901  0.015746  0.027051
0.028766  -0.011099  -0.016686
0.013004  0.012883  -0.010068
0.003773  0.008333  -0.008238
0.039507  -0.009405  -0.040227
0.103228  0.033061  0.013095
-0.032227  -0.002324  0.023414
-0.041757  -0.001735  0.022819
-0.042212  0.011281  0.024616
-0.041570  0.012444  0.030347
0.088518  -0.006377  -0.024986
0.066641  -0.010599  0.003606
0.058326  0.005204  0.057708
0.049330  0.000889  0.064188
0.006126  -0.005437  0.003316
0.029514  0.006410  -0.030552
0.019745  0.015015  -0.019463
0.012864  0.014915  -0.021535
0.008299  0.014149  -0.015642
0.004125  0.008972  -0.011550
-0.046945  0.010443  0.024450
-0.046287  0.011735  0.030092
-0.047388  0.008959  0.035503
-0.047146  0.004789  0.037312
-0.045607  0.000725  0.036146
-0.048188  0.007514  0.021538
-0.048581  0.003863  0.020783
-0.045874  -0.001469  0.022731
-0.053006  0.006509  0.021453
-0.055272  0.009857  0.024768
-0.061166  0.005858  0.036127
-0.056095  0.008462  0.035271
-0.058311  0.009043  0.033913
-0.063000  0.007594  0.034005
-0.067986  0.007060  0.032953
-0.066608  0.004870  0.035470
-0.056051  0.010422  0.030220
-0.062404  0.008827  0.029672
-0.062118  0.008310  0.025488
-0.067551  0.007842  0.025299
-0.068039  0.008499  0.029054
-0.057854  0.009702  0.026229
-0.053952  0.010991  0.030151
-0.070525  0.004612  0.033025
-0.070657  0.006901  0.031849
-0.070884  0.007543  0.028565
-0.072744  0.005078  0.028474
-0.052117  0.004268  0.037419
-0.060534  0.003381  0.036832
-0.065933  0.001795  0.034720
-0.069903  0.001875  0.032324
-0.060671  -0.000232  0.034802
-0.065216  -0.000448  0.032913
-0.068501  -0.000548  0.030471
-0.060724  -0.002762  0.031354
-0.064889  -0.002091  0.030206
-0.048604  -0.002253  0.032869
-0.048968  0.000404  0.036266
-0.067453  -0.002048  0.029355
-0.072386  0.002952  0.027662
-0.060159  0.006946  0.022674
-0.066919  0.005448  0.023124
-0.059661  0.004955  0.021469
-0.066408  0.003610  0.021591
-0.071245  0.005439  0.023857
-0.070313  0.007115  0.025663
-0.044313  -0.002242  0.032263
-0.044634  -0.003057  0.026582
-0.048430  -0.003267  0.026822
-0.060444  -0.003588  0.026695
-0.049756  -0.001816  0.022836
-0.053250  0.002875  0.020783
-0.060232  0.002105  0.021072
-0.060235  -0.001099  0.022270
-0.065451  0.001162  0.021758
-0.064833  -0.000859  0.023260
-0.064934  -0.002675  0.026614
-0.069073  0.000617  0.023550
-0.070541  0.003267  0.023271
-0.070368  0.000223  0.027049
-0.067616  -0.000742  0.024012
-0.068027  -0.001185  0.026934
-0.034861  -0.000073  0.001237
-0.034207  -0.001106  -0.004953
-0.028827  -0.000529  -0.003132
-0.030004  0.000480  0.002036
-0.034984  0.013570  0.003493
-0.035416  0.007811  0.005474
-0.031104  0.009041  0.006487
-0.030281  0.014679  0.003123
-0.033930  0.016283  -0.002385
-0.028634  0.016619  -0.002668
-0.025492  0.015757  0.003979
-0.025675  0.009366  0.007222
-0.004387  0.008503  0.010318
-0.004624  0.015418  0.007572
-0.001472  -0.002900  -0.003463
-0.002677  0.000196  -0.005645
-0.035363  0.002888  0.004108
-0.030870  0.003964  0.005224
-0.022903  0.001039  -0.010412
-0.023356  -0.002393  -0.006201
-0.028682  -0.000415  -0.008030
-0.028443  0.003592  -0.011730
-0.002251  -0.000154  0.008346
-0.000885  -0.002378  0.002479
-0.003791  0.003369  0.009922
-0.022815  0.007392  -0.012206
-0.023013  0.013996  -0.010405
-0.003759  0.015078  -0.006763
-0.004021  0.008462  -0.008763
-0.025717  0.003624  0.006982
-0.024202  -0.002741  -0.000766
-0.025030  -0.001101  0.003945
-0.023921  0.017144  -0.002987
-0.028588  0.014341  -0.010130
-0.046068  0.009635  -0.013198
-0.033753  0.009438  -0.012993
-0.034098  0.004321  -0.012568
-0.047152  0.004837  -0.014046
-0.028549  0.009169  -0.012873
-0.033405  0.014257  -0.009475
-0.050293  -0.001150  -0.002577
-0.049833  -0.001800  -0.008594
-0.050450  0.001617  0.000932
-0.004006  0.018341  0.000355
-0.047252  0.011337  0.001610
-0.049272  0.005271  0.002701
-0.034102  0.000095  -0.009936
-0.048915  0.000674  -0.012612
-0.045602  0.013170  -0.010335
-0.044966  0.014924  -0.003646
-0.050954  0.012507  -0.010432
-0.050902  0.013889  -0.004359
-0.053167  0.010436  0.001118
-0.054460  0.004943  0.001824
-0.054676  0.001402  0.000050
-0.051623  0.009543  -0.013365
-0.052715  0.005087  -0.014652
-0.052425  0.000538  -0.012569
-0.058484  0.008513  -0.014752
-0.059467  0.011685  -0.011931
-0.074007  0.007246  -0.002837
-0.068315  0.008072  -0.001469
-0.068506  0.010058  -0.003197
-0.073769  0.009533  -0.004517
-0.062663  0.010657  -0.000892
-0.064203  0.011375  -0.002914
-0.062072  0.012609  -0.006714
-0.067735  0.011293  -0.007772
-0.066085  0.010744  -0.012297
-0.071584  0.010964  -0.013627
-0.073454  0.011752  -0.009156
-0.062491  0.012092  -0.010487
-0.076850  0.009437  -0.006339
-0.078302  0.007253  -0.006428
-0.059332  0.013182  -0.005796
-0.059222  0.005777  0.001286
-0.068304  0.005034  -0.001042
-0.074398  0.004075  -0.003487
-0.078467  0.004684  -0.008107
-0.068411  0.001439  -0.003135
-0.074185  0.001624  -0.005557
-0.077214  0.002643  -0.009501
-0.068014  -0.001393  -0.006836
-0.073524  -0.000447  -0.009159
-0.056875  -0.001430  -0.003972
-0.058031  0.001250  -0.000201
-0.075608  0.000997  -0.010281
-0.078770  0.009361  -0.010847
-0.078993  0.006147  -0.012041
-0.077416  0.010508  -0.010188
-0.065523  0.009857  -0.014123
-0.071674  0.009338  -0.015260
-0.065257  0.007787  -0.015933
-0.072152  0.007392  -0.016653
-0.076280  0.009321  -0.014957
-0.076092  0.010510  -0.013638
-0.053679  -0.000891  -0.003530
-0.052750  -0.001348  -0.008914
-0.055596  -0.001889  -0.009341
-0.066750  -0.001445  -0.011771
-0.055312  0.000465  -0.013401
-0.057647  0.005058  -0.015490
-0.064855  0.005059  -0.016555
-0.065712  0.001358  -0.015445
-0.071785  0.005387  -0.017596
-0.070611  0.002508  -0.016380
-0.072083  -0.000412  -0.012887
-0.076249  0.005425  -0.016495
-0.076608  0.007748  -0.015816
-0.077970  0.004159  -0.012595
-0.074435  0.003003  -0.016035
-0.075801  0.001706  -0.012911
-0.021354  -0.000605  -0.021077
-0.019209  -0.003469  -0.025519
-0.014769  -0.003530  -0.023879
-0.017153  -0.000486  -0.019572
-0.020751  0.012233  -0.023594
-0.022297  0.008559  -0.020587
-0.018498  0.008916  -0.019031
-0.015919  0.012911  -0.021869
-0.020264  0.012917  -0.029143
-0.013579  0.013684  -0.027239
-0.011080  0.014127  -0.020564
-0.014370  0.009494  -0.017793
0.000150  0.009164  -0.013246
0.002105  0.014636  -0.017109
-0.022179  0.003801  -0.019991
-0.018690  0.004004  -0.018471
-0.008076  -0.002537  -0.030909
-0.009298  -0.004647  -0.026735
-0.013135  -0.003572  -0.029051
-0.012320  -0.001281  -0.032643
0.003615  -0.001429  -0.012418
0.007464  -0.003116  -0.017213
0.000327  0.003049  -0.011943
-0.007365  0.003328  -0.033727
-0.006646  0.010412  -0.032411
0.007224  0.009717  -0.028870
0.008174  0.003595  -0.028434
-0.015166  0.004324  -0.016879
-0.010899  -0.004158  -0.021800
-0.013845  -0.000980  -0.017809
-0.008385  0.014158  -0.026162
-0.012251  0.010120  -0.033179
-0.032600  0.004782  -0.039812
-0.016398  0.004211  -0.036258
-0.017096  -0.001218  -0.034074
-0.033055  0.000452  -0.039487
-0.012268  0.003855  -0.035280
-0.017526  0.009959  -0.034464
-0.036775  -0.001733  -0.026860
-0.034752  -0.003962  -0.031355
-0.036059  0.002119  -0.024948
0.005106  0.015467  -0.023584
0.009046  -0.001964  -0.024325
-0.035636  0.009112  -0.027230
-0.036083  0.005465  -0.025059
-0.017610  -0.003483  -0.030548
-0.033630  -0.003053  -0.036589
-0.032334  0.008911  -0.037497
-0.033259  0.011436  -0.032116
-0.036839  0.007903  -0.039019
-0.037687  0.010229  -0.033565
-0.040282  0.008608  -0.028702
-0.040783  0.004960  -0.026660
-0.040732  0.001530  -0.026575
-0.037456  0.004074  -0.041361
-0.038054  0.000294  -0.040937
-0.036363  -0.002976  -0.037058
-0.041790  0.003315  -0.042648
-0.043743  0.007881  -0.040799
-0.058787  0.006147  -0.033880
-0.053346  0.006493  -0.032134
-0.053202  0.007110  -0.033214
-0.058624  0.007335  -0.035156
-0.047024  0.008542  -0.031379
-0.048480  0.008681  -0.032823
-0.046541  0.009402  -0.036057
-0.052546  0.008894  -0.038147
-0.050129  0.005961  -0.042747
-0.055152  0.005987  -0.043673
-0.057734  0.008894  -0.039662
-0.045858  0.008019  -0.040163
-0.061160  0.007195  -0.037110
-0.062484  0.006759  -0.035786
-0.044213  0.009760  -0.035547
-0.046231  0.005163  -0.028076
-0.053521  0.004138  -0.030437
-0.059210  0.003509  -0.032051
-0.062264  0.003113  -0.035168
-0.052960  0.000373  -0.030762
-0.058192  0.000518  -0.032693
-0.061009  0.000257  -0.035446
-0.052033  -0.002323  -0.032361
-0.056802  -0.001943  -0.034342
-0.042206  -0.001895  -0.029110
-0.044435  0.001419  -0.027621
-0.059457  -0.001303  -0.036120
-0.062336  0.006664  -0.040560
-0.062492  0.002427  -0.040669
-0.060804  0.007343  -0.040202
-0.048956  0.004884  -0.043727
-0.055328  0.004243  -0.045333
-0.048208  0.002201  -0.044151
-0.054732  0.001528  -0.045624
-0.059367  0.005119  -0.044517
-0.058962  0.005983  -0.043721
-0.039168  -0.001811  -0.028301
-0.037368  -0.003774  -0.032469
-0.040476  -0.003915  -0.033041
-0.051029  -0.004210  -0.036298
-0.039412  -0.003326  -0.037587
-0.042340  -0.000154  -0.042008
-0.048545  -0.000743  -0.042950
-0.049746  -0.003226  -0.040512
-0.054450  -0.000923  -0.044332
-0.053969  -0.002396  -0.041936
-0.055785  -0.003771  -0.037727
-0.058335  -0.000208  -0.043291
-0.059165  0.002303  -0.044690
-0.061152  -0.000359  -0.039809
-0.057359  -0.001961  -0.041714
-0.059354  -0.002055  -0.038992
0.009200  -0.003597  -0.021206
0.001191  -0.005035  -0.048083
0.002603  -0.008064  -0.050387
0.006312  -0.008388  -0.048872
0.005124  -0.005968  -0.045815
0.004971  0.005095  -0.051221
0.002141  0.002380  -0.048672
0.005865  0.002549  -0.046044
0.008662  0.005299  -0.048611
0.007893  0.004634  -0.055341
0.011621  0.004482  -0.053051
0.011272  0.005801  -0.046811
0.008903  0.002650  -0.043829
0.020568  0.002787  -0.033789
0.024279  0.006161  -0.036332
0.034153  -0.008392  -0.041626
0.031814  -0.011818  -0.037306
0.025376  -0.010102  -0.041358
0.028196  -0.008209  -0.044465
0.001063  -0.001276  -0.047666
0.004416  -0.001991  -0.044880
0.015825  -0.008677  -0.053433
0.012796  -0.010331  -0.050211
0.008533  -0.009990  -0.051918
0.011030  -0.009073  -0.055759
0.027436  -0.011292  -0.033760
0.024538  -0.009819  -0.030523
0.020911  -0.008232  -0.033291
0.022114  -0.009807  -0.037876
0.018145  -0.003914  -0.031698
0.017173  -0.005196  -0.055329
0.017334  0.000662  -0.055166
0.031638  0.000449  -0.046142
0.031134  -0.004346  -0.045556
0.007261  -0.001764  -0.042755
0.009867  -0.009269  -0.047035
0.008060  -0.006609  -0.044043
0.014685  0.005344  -0.051626
0.013422  0.000178  -0.057128
0.001507  -0.005297  -0.064395
0.009581  -0.005540  -0.059757
0.007228  -0.009115  -0.057460
0.000155  -0.007729  -0.063016
0.013158  -0.005379  -0.057661
0.009602  0.000200  -0.059374
-0.006426  -0.004920  -0.053221
-0.004005  -0.008320  -0.056304
-0.006522  -0.001713  -0.052619
0.028315  0.006429  -0.041889
-0.003551  0.004038  -0.056270
-0.006143  0.001540  -0.053734
0.004565  -0.009502  -0.053671
-0.001719  -0.009009  -0.060004
0.001733  -0.000879  -0.064104
0.000148  0.003828  -0.060596
-0.002408  -0.000930  -0.066152
-0.003898  0.003395  -0.062147
-0.008071  0.003074  -0.057623
-0.009072  0.000518  -0.055079
-0.009302  -0.002534  -0.054110
-0.002307  -0.005392  -0.066405
-0.003110  -0.007908  -0.064725
-0.004122  -0.009285  -0.061319
-0.006277  -0.005620  -0.068310
-0.008445  -0.001317  -0.068311
-0.021178  -0.002567  -0.063821
-0.017907  -0.001448  -0.061723
-0.017464  -0.000945  -0.062734
-0.021100  -0.001667  -0.064490
-0.013314  0.001032  -0.060406
-0.013778  0.000812  -0.062016
-0.011031  0.001100  -0.064320
-0.015570  -0.000116  -0.066554
-0.013509  -0.003183  -0.070446
-0.017368  -0.003742  -0.071789
-0.018813  -0.000705  -0.068405
-0.010402  -0.000705  -0.068097
-0.022886  -0.001697  -0.066556
-0.024059  -0.002417  -0.066385
-0.009450  0.002114  -0.063744
-0.013227  -0.001174  -0.056906
-0.018988  -0.003226  -0.060330
-0.022851  -0.004134  -0.063391
-0.024531  -0.004624  -0.066704
-0.017980  -0.005436  -0.059353
-0.022729  -0.006428  -0.062898
-0.024198  -0.006931  -0.066173
-0.016447  -0.008423  -0.059590
-0.021099  -0.008557  -0.063182
-0.010452  -0.007288  -0.056134
-0.012302  -0.004171  -0.055819
-0.022800  -0.008052  -0.065812
-0.023092  -0.002638  -0.070169
-0.023687  -0.005529  -0.069788
-0.021899  -0.001628  -0.070132
-0.012743  -0.004295  -0.070927
-0.017446  -0.005204  -0.072550
-0.012002  -0.006775  -0.070781
-0.017589  -0.007369  -0.072156
-0.020933  -0.004563  -0.072431
-0.020075  -0.003074  -0.071713
-0.008668  -0.006298  -0.054946
-0.006147  -0.008495  -0.057445
-0.008049  -0.009416  -0.058901
-0.014238  -0.010628  -0.062002
-0.006151  -0.009888  -0.062893
-0.005705  -0.008155  -0.066371
-0.011998  -0.009002  -0.069111
-0.012722  -0.010732  -0.066232
-0.018048  -0.009093  -0.070816
-0.018237  -0.010546  -0.068104
-0.019338  -0.010503  -0.065070
-0.021680  -0.008008  -0.070339
-0.021703  -0.006638  -0.071679
-0.023243  -0.007373  -0.068833
-0.021310  -0.009191  -0.068776
-0.022052  -0.008891  -0.067383
0.033764  -0.004986  -0.043631
0.034630  -0.002150  0.067192
0.031267  -0.003889  0.062866
0.032793  -0.019990  0.063228
0.029057  -0.014795  0.060513
0.037078  -0.021436  0.068180
0.042802  -0.014389  0.074207
0.041315  -0.018939  0.071433
0.028555  -0.008828  0.060364
0.038898  -0.002719  0.071529
0.042693  -0.007716  0.074626
0.032158  -0.003386  0.075513
0.035992  -0.008767  0.078905
0.036253  -0.015600  0.079331
0.035293  -0.020859  0.075612
0.032829  -0.023206  0.071994
0.028524  -0.003400  0.069914
0.025690  -0.005539  0.065506
0.024703  -0.011258  0.062403
0.020749  -0.005358  0.072162
0.016515  -0.008067  0.081205
0.012044  -0.023270  0.091841
0.017738  -0.022816  0.088137
0.016872  -0.020084  0.089056
0.012151  -0.020661  0.092858
0.021878  -0.019672  0.086377
0.019883  -0.018200  0.086928
0.019148  -0.013223  0.085250
0.014880  -0.013863  0.088589
0.015722  -0.009917  0.083137
0.011912  -0.010182  0.084357
0.010481  -0.014341  0.091861
0.009154  -0.019072  0.095106
0.006526  -0.015117  0.094382
0.007266  -0.021698  0.094069
0.020726  -0.012045  0.085877
0.026606  -0.023076  0.081675
0.018682  -0.025302  0.085151
0.011405  -0.025567  0.088669
0.005954  -0.023251  0.091354
0.017610  -0.026740  0.080740
0.010708  -0.025835  0.084051
0.005724  -0.023176  0.086045
0.015538  -0.025551  0.076271
0.009549  -0.024185  0.080453
0.026396  -0.023134  0.068910
0.027960  -0.025043  0.075305
0.006405  -0.022490  0.083185
0.003716  -0.016359  0.094105
0.002231  -0.018095  0.090914
0.011032  -0.008582  0.081247
0.007723  -0.010132  0.087743
0.006116  -0.009918  0.084825
0.010897  -0.008524  0.077027
0.005051  -0.010633  0.082044
0.003244  -0.011928  0.089516
0.005848  -0.011667  0.091157
0.029994  -0.021913  0.066544
0.027235  -0.017070  0.062837
0.023800  -0.018076  0.064937
0.013368  -0.020724  0.071932
0.020583  -0.012584  0.064435
0.019686  -0.007449  0.067847
0.010445  -0.010542  0.073653
0.011306  -0.014858  0.071317
0.005050  -0.013311  0.079319
0.005999  -0.016029  0.078006
0.007473  -0.020796  0.078377
0.002785  -0.015665  0.083584
0.002138  -0.013254  0.086502
0.002908  -0.019331  0.086132
0.004263  -0.017099  0.081446
0.004733  -0.019925  0.082687
0.037621  -0.013519  -0.035156
0.033942  -0.013919  -0.029809
0.041154  -0.014942  -0.029338
0.050960  -0.015764  -0.027261
0.061300  -0.014086  -0.030405
0.049004  -0.014688  -0.020857
0.039070  -0.013890  -0.023468
0.028878  -0.011742  -0.024548
0.055416  -0.012858  -0.012743
