45
0.323453   -0.269007
0.396445   -0.55421
1.56028   -0.820486
0.292244   -0.193438
0.133614   -0.0730429
1.77834   -0.607903
0.204333   -0.237036
0.104042   -0.077238
1.32294   -0.734349
0.290539   -0.23019
0.327048   -0.407103
1.84833   -0.692216
0.251775   -0.241925
0.072854   -0.105225
1.77401   -0.530259
0.121742   -0.127009
0.109404   -0.0217015
1.34773   -0.505381
0.305869   -0.354473
0.81714   -0.539655
1.85902   -1.0559
0.28974   -0.341697
0.116744   -0.0994173
1.77342   -0.433302
0.126839   -0.272734
0.109609   -0.0951422
1.4397   -0.538565
0.322293   -0.292369
0.550036   -0.346033
1.7857   -0.693777
0.043235   -0.286919
0.124089   -0.049107
1.80893   -0.506737
0.178398   -0.195528
0.115697   -0.00201224
1.44031   -0.561019
0.320638   0.0537815
0.512074   -0.576962
1.36418   -0.419005
0.285588   -0.328912
0.588458   -1.31559
0.371324   -0.343765
0.306919   -0.228848
1.36644   -1.63847
0.336186   -0.271638
