31 10
0.214104  -0.465925  0.621032  -0.0477668  0.0903022  -0.113221  -0.0132633  0.142405  -0.143145  -0.128419  
0.316619  -0.206576  -1.04046  -1.099  -2.16882  -0.542876  0.523885  -0.371912  0.60361  0.610938  
0.598586  0.108327  -1.42511  -0.340376  -0.572631  -0.347787  -0.680892  0.327927  0.768684  1.19687  
-1.38233  -1.59357  0.53589  0.0813643  0.907344  -0.650883  -1.34326  0.486764  0.0321694  0.309951  
2.36455  0.294609  -0.738249  -0.494687  -0.338814  -0.034503  0.105173  0.32236  -0.317221  -0.242805  
0.693525  0.539013  0.341576  1.1562  0.0834028  -0.806675  0.158796  1.33127  -0.430343  -0.48734  
-0.58088  -0.545682  2.22633  0.704851  0.291713  -0.429446  -0.989028  -0.58041  0.0831728  0.041589  
-0.328458  1.38218  -0.584587  -1.06698  -1.4604  -0.815573  0.553952  0.267465  0.251473  0.511734  
-1.73796  -2.48798  0.101148  0.0579017  0.980085  -0.215173  -0.188868  0.575227  -0.117199  -0.578798  
-0.0942445  -0.904833  0.809354  0.93607  0.763873  -0.459425  -1.49695  0.393514  0.621505  0.481472  
1.04535  0.263413  -0.191668  0.496607  0.209072  -0.251912  -0.00760626  -0.0507859  -0.148293  -0.0554797  
-0.913854  1.27337  0.636216  -0.532927  -1.25355  -0.87514  -0.175454  -0.383676  -0.499378  0.399256  
1.4221  -0.054751  -0.21521  -0.606079  -0.640141  -0.159255  -0.53668  0.338974  -0.0685072  0.351326  
1.35366  -0.0104294  1.74663  1.41601  -0.112302  -0.0680555  0.165058  0.295844  0.770414  -0.438997  
0.589887  0.0722743  -0.523076  -0.65575  -1.65411  -0.777294  -1.04453  1.11747  -0.00167861  0.250587  
0.66381  -0.00433529  -0.630223  0.136816  -0.27437  -0.110054  0.0171494  -0.358788  0.253674  0.285315  
-1.15105  -2.00081  0.0134244  2.62893  -0.478252  -0.155192  -0.100851  0.183377  -0.855821  -0.86191  
-0.731642  0.410185  -0.648874  0.172165  -0.125304  -0.180893  -0.232874  -0.0812589  0.371155  0.590768  
-1.41567  -0.773096  -1.36072  -0.205644  -0.647229  0.0221015  0.299959  -0.0967075  -0.111596  -0.203442  
0.510605  0.450304  1.62912  0.261347  -0.972288  -0.57062  -0.631666  0.478418  0.162253  0.000251909  
0.575491  0.491366  -0.58969  -0.526669  -0.726375  0.0370257  0.481267  -0.311183  -0.0351418  0.0886124  
0.0317332  -0.508713  -0.594007  -0.573915  0.0905121  0.0843084  -0.0470996  0.366524  -0.0559731  -0.0364936  
0.829411  -0.232452  0.337595  1.56262  0.855477  0.573131  0.588201  -0.752122  2.70012  0.8161  
-1.49711  -1.16948  1.10011  -0.921616  0.143997  0.987534  0.810723  0.639558  -0.627362  -0.858822  
-0.612934  -0.95872  1.98517  -0.962204  -0.0363178  -0.447268  -1.9454  1.52066  0.350591  0.116093  
-1.55263  3.11605  -0.867648  0.966368  0.182551  0.150645  -0.478956  0.14539  0.343543  -0.675738  
1.84627  -0.124976  0.656542  0.164518  -0.278491  0.0659221  0.209047  -0.00264489  0.157657  -0.120212  
-1.56133  -0.175215  0.431566  0.486427  0.792308  -0.159406  -0.805079  0.476007  0.152143  0.177477  
-0.420311  -1.21522  -0.113922  -0.00179164  0.196811  -0.880589  -0.745753  -0.0552336  0.14983  0.191139  
0.337692  0.746664  0.325316  0.733483  1.21388  0.0511162  0.11444  0.584908  0.520387  0.222911 
-0.218885  -0.952952  -0.236065  -0.541081  0.0856766  -0.957366  -1.03338  1.5982  -0.117986  -0.267351  